821.2500696:18.51270213:108.5810176;0.004510340135:0.9980711461:-0.06191642879;0.07251296339:-0.06208049068:-0.995433515;0.995433515:-0:0.07251296339
822.7460001:17.21418382:87.3425715;0.004051201467:0.9982191421:-0.05951581313;0.06779123566:-0.05965353506:-0.9959145566;0.9959145566:-0:0.06779123566
824.1437047:15.96879997:66.09902367;0.003623895516:0.9983670116:-0.05701032867;0.0633339699:-0.0571253901:-0.9963561101;0.9963561101:-0:0.0633339699
825.449608:14.77803489:44.84035741;0.003228377963:0.9985137651:-0.0544043971;0.05914814585:-0.05450009953:-0.9967603704;0.9967603704:-0:0.05914814585
826.6701346:13.64337286:23.55655606;0.002864270298:0.9986584144:-0.05170268187;0.05523984893:-0.05178195976:-0.9971294739;0.9971294739:-0:0.05523984893
827.8105144:12.56614353:2.238383536;0.00252110883:0.9987979638:-0.04895172642;0.05137194621:-0.04901660443:-0.9974759624;0.9974759624:-0:0.05137194621
828.8620882:11.54587901:-19.11432229;0.002169079687:0.9989257869:-0.04628787456;0.04675899596:-0.04633866893:-0.9978308093;0.9978308093:-0:0.04675899596
829.8072365:10.58095165:-40.49586938;0.001810538314:0.9990422688:-0.04371804109;0.04133888654:-0.04375551584:-0.9981866315;0.9981866315:-0:0.04133888654
830.6281899:9.669714517:-61.90046811;0.001449975267:0.999148267:-0.04123879321;0.03510882553:-0.04126427624:-0.9985312363;0.9985312363:-0:0.03510882553
831.3071796:8.810520641:-83.32232887;0.001091494434:0.9992445763:-0.03884694874;0.02806500031:-0.03886227974:-0.9988503787;0.9988503787:-0:0.02806500031
831.8264365:8.00172307:-104.7556621;0.0007388447963:0.9993319331:-0.03653958935;0.0202027531:-0.03654705845:-0.9991277002;0.9991277002:-0:0.0202027531
832.1681913:7.241674849:-126.194678;0.0003954467779:0.9994110206:-0.03431407145;0.01151678042:-0.03431635:-0.9993446612;0.9993446612:-0:0.01151678042
832.3146751:6.528729021:-147.6335872;6.441326135e-005:0.9994824728:-0.03216803517;0.00200135931:-0.03216809966:-0.999480469;0.999480469:-0:0.00200135931
832.248146:5.861240497:-169.0666181;-0.0002510809663:0.9995469088:-0.03009840604;-0.008337932299:-0.03009945328:-0.9995121319;0.9995121319:0:-0.008337932299
831.9524917:5.237676142:-190.4890855;-0.0005440521281:0.9996052308:-0.02809068432;-0.01935643065:-0.02809595235:-0.9994178036;0.9994178036:0:-0.01935643065
831.4141258:4.656676349:-211.8979884;-0.0008112587254:0.9996579519:-0.02614040984;-0.03100911479:-0.02615299538:-0.9991768891;0.9991768891:0:-0.03100911479
830.6196794:4.11689644:-233.2904703;-0.001051099659:0.999705435:-0.02424744329;-0.04329545737:-0.0242702146:-0.9987674705;0.9987674705:0:-0.04329545737
829.5557833:3.616991736:-254.6636749;-0.001262167229:0.9997480261:-0.02241185439;-0.05621368414:-0.02244736695:-0.9981663876;0.9981663876:0:-0.05621368414
828.2090686:3.155617557:-276.014746;-0.001443259189:0.9997860563:-0.02063391932;-0.06976054901:-0.0206843328:-0.997349299;0.997349299:0:-0.06976054901
826.5661662:2.731429224:-297.3408271;-0.001593392799:0.9998198424:-0.01891411554;-0.0839311004:-0.01898111343:-0.9962907646;0.9962907646:0:-0.0839311004
824.6137071:2.34308206:-318.6390619;-0.001711820597:0.9998496886:-0.01725311353;-0.09871844141:-0.01733782733:-0.9949643557;0.9949643557:0:-0.09871844141
822.3383222:1.989231384:-339.9065942;-0.001798047496:0.9998758869:-0.01565176524;-0.1141134876:-0.01575470501:-0.9933427914;0.9933427914:0:-0.1141134876
819.7179251:1.668595155:-361.1371075;-0.001869290027:0.9998987787:-0.0141045409;-0.1313689721:-0.01422787121:-0.9912314366;0.9912314366:0:-0.1313689721
816.6955595:1.380141881:-382.3104459;-0.001934960195:0.9999187098:-0.01260276747;-0.1517439644:-0.01275044387:-0.9883375918;0.9883375918:0:-0.1517439644
813.2055517:1.122902708:-403.4029931;-0.001983483394:0.9999359404:-0.01114364592;-0.1752268568:-0.01131879193:-0.9844630179;0.9844630179:0:-0.1752268568
809.1822279:0.8959087801:-424.3911332;-0.002003848857:0.9999506949:-0.009725861306;-0.201784563:-0.009930145436:-0.9793795905;0.9793795905:0:-0.201784563
804.5599146:0.6981912435:-445.25125;-0.001985700111:0.9999631677:-0.008349859826;-0.231351585:-0.008582724745:-0.9728323499;0.9728323499:0:-0.231351585
799.2729379:0.5287812433:-465.9597275;-0.001919554992:0.9999735306:-0.007018083683;-0.2638180578:-0.007275863519:-0.9645450193;0.9645450193:0:-0.2638180578
793.2556242:0.3867099249:-486.4929496;-0.001797161508:0.9999819391:-0.005735125906;-0.2990175128:-0.006010113031:-0.9542286967;0.9542286967:0:-0.2990175128
786.4422998:0.2710084335:-506.8273002;-0.001611979828:0.9999885408:-0.004507754571;-0.3367155239:-0.00478730929:-0.9415942532;0.9415942532:0:-0.3367155239
778.7693243:0.1805935306:-526.9345555;-0.001370071916:0.9999933816:-0.003370423296;-0.3765721187:-0.003638248239:-0.9263801609;0.9263801609:0:-0.3765721187
770.1966937:0.1130522656:-546.7329277;-0.001108533442:0.9999964898:-0.002406562565;-0.4183759028:-0.002649601814:-0.908270105;0.908270105:0:-0.4183759028
760.6996536:0.06511380891:-566.1060714;-0.0008409804985:0.9999983449:-0.001613343176;-0.4622352359:-0.001819374728:-0.8867554773;0.8867554773:0:-0.4622352359
750.2537038:0.0334930331:-584.9370652;-0.0005803162325:0.999999348:-0.000983477588;-0.5081903998:-0.001141926047:-0.8612439919;0.8612439919:0:-0.5081903998
738.834344:0.01490481068:-603.1089879;-0.0003418412498:0.9999998111:-0.0005108127167;-0.5561628672:-0.0006146422306:-0.8310730939;0.8310730939:0:-0.5561628672
726.4170738:0.006064014172:-620.504918;-0.0001437955666:0.9999999718:-0.0001887950472;-0.6059144755:-0.0002373198997:-0.7955297556;0.7955297556:0:-0.6059144755
712.9773929:0.0036855161:-637.0079342;-7.495385957e-006:0.9999999999:-8.600725707e-006;-0.6570015888:-1.140847463e-005:-0.7538891909;0.7538891909:0:-0.6570015888
698.4908012:0.004484188982:-652.5011151;4.321951851e-005:0.9999999981:4.302116737e-005;-0.7087312309:6.098153509e-005:-0.7054785883;0.7054785883:0:-0.7087312309
682.9336724:0.005198985872:-666.8685648;-8.664594028e-006:0.9999999999:-7.415185325e-006;-0.7597593823:-1.140439227e-005:-0.6502043378;0.6502043378:0:-0.7597593823
666.3348286:0.004013691672:-680.0559048;-7.678175397e-005:0.9999999954:-5.667151959e-005;-0.8045777177:-9.543112111e-005:-0.59384736;0.59384736:0:-0.8045777177
648.804387:0.001351580654:-692.104109;-0.0001262153381:0.9999999888:-8.079481172e-005;-0.8422198969:-0.0001498603122:-0.5391341418;0.5391341418:0:-0.8422198969
630.4594576:-0.002171428665:-703.0623538;-0.0001528233452:0.9999999847:-8.517519736e-005;-0.8734931964:-0.0001749565348:-0.4868363228;0.4868363228:0:-0.8734931964
611.4171506:-0.005939417766:-712.9798155;-0.0001539916379:0.9999999853:-7.490685839e-005;-0.8992534352:-0.000171243867:-0.4374279711;0.4374279711:0:-0.8992534352
591.794576:-0.009336468132:-721.9056703;-0.0001281257727:0.9999999903:-5.44543115e-005;-0.9203286907:-0.0001392174043:-0.3911458573;0.3911458573:0:-0.9203286907
571.7088441:-0.01174666124:-729.8890947;-7.417459606e-005:0.9999999969:-2.753838674e-005;-0.9374754949:-7.912163703e-005:-0.3480512751;0.3480512751:0:-0.9374754949
551.2770649:-0.01255407858:-736.9792647;8.770020186e-006:1:2.840048107e-006;-0.9513590625:9.218412408e-006:-0.3080842971;0.3080842971:0:-0.9513590625
530.6163486:-0.01114280163:-743.2253569;0.0001217958606:0.999999992:3.430444542e-005;-0.9625491946:0.0001265346855:-0.2711070487;0.2711070487:0:-0.9625491946
509.8260179:-0.00714983002:-748.6790288;0.0002314223908:0.9999999716:5.637753868e-005;-0.9715849782:0.0002381905746:-0.2366908815;0.2366908815:0:-0.9715849782
488.9342459:-0.001223835983:-753.4018636;0.000301627061:0.9999999525:6.307626522e-005;-0.9788263401:0.000308151747:-0.2046922104;0.2046922104:0:-0.9788263401
467.9514184:0.005733590101:-757.4579258;0.0003306628551:0.9999999436:5.888314723e-005;-0.9845117994:0.0003358647775:-0.1753180084;0.1753180084:0:-0.9845117994
446.8879212:0.01282085785:-760.9112799;0.0003175353709:0.9999999484:4.775520074e-005;-0.9888791697:0.0003211063235:-0.1487208279;0.1487208279:0:-0.9888791697
425.7541398:0.01913637688:-763.8259904;0.0002618015186:0.9999999652:3.298569736e-005;-0.9921558581:0.0002638713539:-0.1250067343;0.1250067343:0:-0.9921558581
404.5604601:0.02377855682:-766.2661218;0.0001633772316:0.9999999865:1.712442222e-005;-0.9945517213:0.0001642722303:-0.1042441681;0.1042441681:0:-0.9945517213
383.3172678:0.02584580727:-768.2957386;2.23693117e-005:0.9999999997:1.941610931e-006;-0.9962542077:2.245341753e-005:-0.08647284663;0.08647284663:0:-0.9962542077
362.0349487:0.02443653787:-769.9789054;-0.0001610601745:0.999999987:-1.157977343e-005;-0.9974253616:-0.0001614759145:-0.07171207743;0.07171207743:0:-0.9974253616
340.7234376:0.01875499621:-771.3769334;-0.0003645275272:0.9999999333:-2.168556071e-005;-0.998235116:-0.0003651719892:-0.05938450896;0.05938450896:0:-0.998235116
319.3874286:0.009235796478:-772.5191285;-0.0005155459328:0.9999998668:-2.456572877e-005;-0.9988665385:-0.0005161308786:-0.04759592288;0.04759592288:0:-0.9988665385
298.0282346:-0.002892662248:-773.4141479;-0.0006084193287:0.9999998147:-2.204172531e-005;-0.9993442314:-0.0006088184599:-0.03620409478;0.03620409478:0:-0.9993442314
276.647112:-0.01638875115:-774.0703045;-0.0006431136943:0.9999997931:-1.621928007e-005;-0.9996819224:-0.0006433181863:-0.02521190456;0.02521190456:0:-0.9996819224
255.2453174:-0.0300108414:-774.4959115;-0.0006196783831:0.999999808:-9.06154589e-006;-0.9998929093:-0.0006197446329:-0.01462141609;0.01462141609:0:-0.9998929093
233.8241074:-0.04251730418:-774.6992817;-0.0005382303201:0.9999998552:-2.386514106e-006;-0.9999900251:-0.000538235611:-0.004433957381;0.004433957381:0:-0.9999900251
212.3847383:-0.05266651066:-774.6887282;-0.0003989390448:0.9999999204:2.134275117e-006;-0.9999856101:-0.0003989447538:0.00534980076;-0.00534980076:0:-0.9999856101
190.9284668:-0.05921683202:-774.472564;-0.0002020126753:0.9999999796:2.975922818e-006;-0.9998914907:-0.0002020345938:0.01472976831;-0.01472976831:0:-0.9998914907
169.4566121:-0.06094255296:-774.0591982;4.56522954e-005:0.999999999:-1.080744893e-006;-0.9997199018:4.566508606e-005:0.02366676569;-0.02366676569:0:-0.9997199018
147.974259:-0.05757276983:-773.4628038;0.0002574091194:0.9999999668:-8.151363459e-006;-0.9994989456:0.0002575381515:0.03165108991;-0.03165108991:0:-0.9994989456
126.4923287:-0.05031653697:-772.7064881;0.0004069763564:0.9999999171:-1.569546294e-005;-0.9992570763:0.0004072788998:0.03853737977;-0.03853737977:0:-0.9992570763
105.0222447:-0.04051021697:-771.8141268;0.0004946330682:0.9999998774:-2.19521613e-005;-0.9990165068:0.0004951199547:0.04433705084;-0.04433705084:0:-0.9990165068
83.57543039:-0.0294901724:-770.8095957;0.0005204772018:0.9999998642:-2.556458698e-005;-0.9987957737:0.0005211046591:0.04905844357;-0.04905844357:0:-0.9987957737
62.16330906:-0.01859276584:-769.7167707;0.0004843991927:0.9999998824:-2.556655043e-005;-0.9986099259:0.0004850734237:0.05270655158;-0.05270655158:0:-0.9986099259
40.79730413:-0.009154359869:-768.5595273;0.0003860603862:0.9999999253:-2.137518244e-005;-0.9984706628:0.0003866516781:0.05528278306;-0.05528278306:0:-0.9984706628
19.48883898:-0.002511317063:-767.3617415;0.0002248756757:0.9999999746:-1.279014645e-005;-0.998386419:0.0002252391115:0.05678474771;-0.05678474771:0:-0.998386419
-1.750663028:3.690381334e-013:-766.1472889;1.174379529e-019:1:-6.729182762e-021;-0.9983623923:1.176305856e-019:0.05720606359;-0.05720606359:0:-0.9983623923
-22.91719281:-0.00223123478:-764.9319953;-0.0001867081362:0.9999999825:1.077487125e-005;-0.9983389254:-0.0001870187851:0.05761384376;-0.05761384376:0:-0.9983389254
-44.03639853:-0.006913701603:-763.6994861;-0.0002314611366:0.9999999731:1.369975799e-005;-0.9982529431:-0.0002318662138:0.0590847515;-0.0590847515:0:-0.9982529431
-65.14134266:-0.01103054419:-762.4253365;-0.0001334831483:0.9999999911:8.240313339e-006;-0.9980999393:-0.000133737256:0.06161568968;-0.06161568968:0:-0.9980999393
-86.26508766:-0.01156490627:-761.0851218;0.0001065485874:0.9999999943:-6.961022856e-006;-0.9978726726:0.0001067757337:0.06519292888;-0.06519292888:0:-0.9978726726
-107.440696:-0.005499931553:-759.6544173;0.0004864923017:0.9999998811:-3.403638146e-005;-0.9975614303:0.0004876814891:0.06979222745;-0.06979222745:0:-0.9975614303
-128.7012302:0.01018123623:-758.1087983;0.00100275499:0.9999994944:-7.580253863e-005;-0.9971544362:0.001005616028:0.07537916879;-0.07537916879:0:-0.9971544362
-150.0797526:0.03849545335:-756.4238402;0.00165033257:0.999998629:-0.0001356342197;-0.9966383781:0.001655896806:0.08190971396;-0.08190971396:0:-0.9966383781
-171.6093258:0.0824595761:-754.5751181;0.002422878647:0.9999970412:-0.0002173075197;-0.995999027:0.002432604263:0.08933096108;-0.08933096108:0:-0.995999027
-193.3175668:0.144821405:-752.5406311;0.003261745834:0.9999946298:-0.0003185433172;-0.9952597238:0.003277263452:0.09719743661;-0.09719743661:0:-0.9952597238
-215.1687897:0.2252009681:-750.3265527;0.004001894421:0.9999919044:-0.0004195755461;-0.9945406925:0.004023829345:0.1042718548;-0.1042718548:0:-0.9945406925
-237.0864682:0.3212003754:-747.9572339;0.004640282715:0.9999891006:-0.0005161353214;-0.9938600047:0.004668899158:0.1105463362;-0.1105463362:0:-0.9938600047
-258.9933949:0.430388105:-745.4573287;0.005184731437:0.9999863756:-0.0006060234778;-0.9932244878:0.005220029169:0.1160942212;-0.1160942212:0:-0.9932244878
-280.8123629:0.5503326352:-742.8514907;0.005641030758:0.9999838529:-0.000687473677;-0.9926395073:0.005682767642:0.1209731982;-0.1209731982:0:-0.9926395073
-302.4661649:0.678602444:-740.164374;0.006013112292:0.999981633:-0.0007589937964;-0.9921095822:0.006060824286:0.1252271672;-0.1252271672:0:-0.9921095822
-323.8775939:0.8127660096:-737.4206324;0.006303128946:0.9999797995:-0.0008192438033;-0.9916388626:0.006356146232:0.1288874145;-0.1288874145:0:-0.9916388626
-344.9694426:0.9503918102:-734.6449198;0.006511442453:0.9999784245:-0.0008669372988;-0.9912315253:0.00656890121:0.1319731515;-0.1319731515:0:-0.9912315253
-365.6658674:1.089144764:-731.8610592;0.006673634035:0.9999773191:-0.0009076898271;-0.9908543695:0.006735079217:0.1347674186;-0.1347674186:0:-0.9908543695
-385.9728246:1.232476229:-729.0430265;0.007276611572:0.9999729888:-0.00103561812;-0.9899968604:0.007349937473:0.1408978172;-0.1408978172:0:-0.9899968604
-406.023061:1.392806537:-726.0875341;0.008475041252:0.9999632424:-0.001299012672;-0.9884200452:0.008574016453:0.1515001668;-0.1515001668:0:-0.9884200452
-425.9602303:1.583327549:-722.8846483;0.0102459577:0.9999460137:-0.001729154095;-0.9860031886:0.01039084323:0.1664023512;-0.1664023512:0:-0.9860031886
-445.9279858:1.817231123:-719.3244354;0.0125332162:0.9999186657:-0.002362317441;-0.9826165703:0.01275390341:0.1852080283;-0.1852080283:0:-0.9826165703
-466.0699811:2.107709119:-715.2969615;0.01525035425:0.9998784819:-0.003232341854;-0.9781488526:0.01558914169:0.2073205268;-0.2073205268:0:-0.9781488526
-486.5298698:2.467953397:-710.6922928;0.0182877466:0.9998232482:-0.004362422185;-0.9725359634:0.01880086176:0.2319920849;-0.2319920849:0:-0.9725359634
-507.4513054:2.911155814:-705.4004955;0.02152326777:0.9997517637:-0.005758470199;-0.965783262:0.02228028354:0.2583917178;-0.2583917178:0:-0.965783262
-528.9779413:3.450508232:-699.3116359;0.02483457616:0.9996641412:-0.007405986168;-0.9579745451:0.02591533917:0.2856801817;-0.2856801817:0:-0.9579745451
-551.1289759:4.099604585:-692.3214733;0.02854772226:0.9995468003:-0.009550997529;-0.9479032339:0.03010305632:0.3171328824;-0.3171328824:0:-0.9479032339
-573.4257868:4.873647119:-684.3485391;0.0330918724:0.9993719686:-0.01267265948;-0.9332780177:0.0354354105:0.357402397;-0.357402397:0:-0.9332780177
-595.2652964:5.788240156:-675.3170579;0.03848705689:0.9991105041:-0.01723214896;-0.91188036:0.04216871478:0.4082842252;-0.4082842252:0:-0.91188036
-616.044427:6.858988019:-665.1512544;0.04463586817:0.9987161284:-0.02395274656;-0.880014244:0.05065663624:0.4722381131;-0.4722381131:0:-0.880014244
-635.1601009:8.101495029:-653.7753531;0.05108826681:0.9981179332:-0.03392020763;-0.8315243059:0.06132366176:0.5520930512;-0.5520930512:0:-0.8315243059
-652.0092407:9.531365508:-641.1135785;0.05653081582:0.9972187497:-0.04856986802;-0.7563848731:0.07453029731:0.6498670315;-0.6498670315:0:-0.7563848731
-665.9887685:11.16420378:-627.0901553;0.05790215869:0.9959284195:-0.06909358343;-0.6396890053:0.09014756376:0.7633291514;-0.7633291514:0:-0.6396890053
-676.4956069:13.01561416:-611.6293081;0.04984838701:0.9942985562:-0.09426303377;-0.4648152902:0.1066319897:0.8789632329;-0.8789632329:0:-0.4648152902
-682.9779825:15.09803152:-594.6753589;0.02904663013:0.9928230645:-0.1160114473;-0.2411369258:0.1195924856:0.9630942947;-0.9630942947:0:-0.2411369258
-685.4805349:17.3870457:-576.4062627;0.004353850773:0.9921299375:-0.1251368497;-0.03449802018:0.1252125679:0.9915299791;-0.9915299791:0:-0.03449802018
-684.4326865:19.83447556:-557.150706;-0.01697680409:0.9920736747:-0.1245054697;0.1340328399:0.1256575659:0.9829778095;-0.9829778095:0:0.1340328399
-680.2702726:22.3917438:-537.2398869;-0.03292123385:0.9923637059:-0.1188716435;0.2648630289:0.1233461603:0.9563646275;-0.9563646275:0:0.2648630289
-673.4291283:25.0102731:-517.0050039;-0.044116357:0.9927981445:-0.1113803905;0.3656004668:0.1197991834:0.9230300398;-0.9230300398:0:0.3656004668
-664.3450891:27.64148614:-496.7772552;-0.05179035689:0.993275324:-0.1035465581;0.4443234374:0.1157762098:0.888353844;-0.888353844:0:0.4443234374
-653.4539901:30.23680563:-476.8878394;-0.05699096111:0.9937547203:-0.09593532339;0.5075436211:0.1115865401:0.8543698946;-0.8543698946:0:0.5075436211
-641.1916667:32.74765423:-457.6679548;-0.06044995559:0.9942269967:-0.08864807927;0.5601358097:0.1072971532:0.8214226656;-0.8214226656:0:0.5601358097
-627.9919892:35.12586438:-439.4454915;-0.06261482134:0.9946980145:-0.08157967897;0.6056344248:0.1028389998:0.7890697584;-0.7890697584:0:0.6056344248
-614.1709288:37.3478532:-422.3498534;-0.06358830266:0.9951625786:-0.07488638039;0.6441324259:0.09824175387:0.7585789186;-0.7585789186:0:0.6441324259
-599.8617133:39.42814405:-406.2027902;-0.06352571096:0.9955992576:-0.06889558961;0.6748922776:0.09371295652:0.7319414562;-0.7319414562:0:0.6748922776
-585.1818506:41.38453823:-390.7995868;-0.06266581592:0.9959918534:-0.06382180964;0.6978069751:0.08944399293:0.7106793916;-0.7106793916:0:0.6978069751
-570.2488485:43.23483709:-375.9355279;-0.06124532092:0.9963305362:-0.05978689977;0.7129495914:0.08558891703:0.695972282;-0.695972282:0:0.7129495914
-555.1802149:44.99684193:-361.4058984;-0.05946367623:0.996611012:-0.05683803212;0.7204364749:0.08225868152:0.6886252936;-0.6886252936:0:0.7204364749
-540.0934578:46.68835408:-347.0059832;-0.05746276838:0.9968331896:-0.05496928641;0.7203227097:0.07952101734:0.6890657456;-0.6890657456:0:0.7203227097
-525.1060849:48.32717485:-332.5310671;-0.05531913049:0.9969998858:-0.05413890878;0.712545404:0.07740302088:0.6973434015;-0.6973434015:0:0.712545404
-510.3356041:49.93110557:-317.7764349;-0.05304539547:0.9971158685:-0.05427827133;0.6969219799:0.07589429965:0.713119772;-0.713119772:0:0.6969219799
-495.8679215:51.51476353:-302.5840204;-0.05081616657:0.9972108164:-0.05466538971;0.6789509116:0.07463636926:0.7303800874;-0.7303800874:0:0.6789509116
-481.662535:53.08002993:-286.9823526;-0.04884399281:0.9973088508:-0.05467467828;0.6644301512:0.07331477395:0.7437456004;-0.7437456004:0:0.6644301512
-467.647341:54.62560195:-271.0466093;-0.04714351669:0.997408047:-0.05435693758;0.6535034471:0.07195267771:0.7534958904;-0.7534958904:0:0.6535034471
-453.7502355:56.15017677:-254.8519686;-0.04571692493:0.997507134:-0.05375388755;0.6462482542:0.07056569742:0.7598576684;-0.7598576684:0:0.6462482542
-439.8991147:57.65245155:-238.4736082;-0.04455698474:0.9976053901:-0.05289764362;0.6426911885:0.06916274712:0.7629970843;-0.7629970843:0:0.6426911885
-426.0218748:59.13112349:-221.9867061;-0.04364925167:0.9977025407:-0.05181103173;0.6428187874:0.06774688318:0.7630166226;-0.7630166226:0:0.6428187874
-412.046412:60.58488975:-205.4664402;-0.04297347862:0.997798666:-0.05050843796;0.6465834695:0.06631607777:0.7599552584;-0.7599552584:0:0.6465834695
-397.9006225:62.0124475:-188.9879884;-0.04250433317:0.9978941197:-0.04899701512;0.6539049084:0.06486390236:0.7537911149;-0.7537911149:0:0.6539049084
-383.5288743:63.41124118:-172.6162952;-0.04188298855:0.9980030245:-0.04728401869;0.6617364815:0.06316615513:0.7470708573;-0.7470708573:0:0.6617364815
-369.0670216:64.76415185:-156.2973425;-0.04005117016:0.9981670432:-0.04537022858;0.6605815277:0.06051903728:0.7483110927;-0.7483110927:0:0.6605815277
-354.7744577:66.04466489:-139.9003624;-0.03697966756:0.9983836358:-0.04315808115;0.6496080706:0.05683410756:0.7581419648;-0.7581419648:0:0.6496080706
-340.912635:67.22610909:-123.2933074;-0.03272927115:0.9986455535:-0.04044568375;0.6282013773:0.05202940057:0.7763091981;-0.7763091981:0:0.6282013773
-327.7430061:68.28181322:-106.3441303;-0.02740342238:0.9989420404:-0.03693037211;0.5952651405:0.04598695405:0.8022123239;-0.8022123239:0:0.5952651405
-315.5270233:69.18510606:-88.92078384;-0.02120700199:0.999255706:-0.03222261874;0.5493504357:0.03857504494:0.8347011829;-0.8347011829:0:0.5493504357
-304.5261391:69.90931641:-70.89122073;-0.01452186587:0.9995592224:-0.02589355894;0.4889382808:0.02968772445:0.8718130514;-0.8718130514:0:0.4889382808
-295.0018059:70.42777303:-52.12339366;-0.007973955804:0.9998136191:-0.01758246708;0.41294991:0.01930614202:0.9105490897;-0.9105490897:0:0.41294991
-287.2135091:70.71403815:-32.48750715;-0.002476515869:0.9999705208:-0.007268037687;0.3225215755:0.007678378909:0.9465309693;-0.9465309693:0:0.3225215755
-281.3027186:70.75568034:-11.98887194;0.0008437022424:0.9999934065:0.003532012604;0.2323347747:-0.003631383553:0.9726290997;-0.9726290997:0:0.2323347747
-277.2279803:70.56197798:9.157786463;0.002088633724:0.9998988349:0.01406973778;0.1468246704:-0.01422392042:0.9890602592;-0.9890602592:0:0.1468246704
-274.9321043:70.14407699:30.71972841;0.001587057305:0.9997070791:0.02415030386;0.06555518238:-0.02420239507:0.997555393;-0.997555393:0:0.06555518238
-274.3579009:69.51312327:52.46421423;-0.0004144158016:0.9994319287:0.03369937824;-0.01228951665:-0.03370192627:0.9993563668;-0.9993563668:0:-0.01228951665
-275.4481804:68.68026273:74.15850427;-0.003764787674:0.999080617:0.04270535279;-0.08773595889:-0.04287097833:0.9952208201;-0.9952208201:0:-0.08773595889
-278.1457532:67.65664127:95.56985887;-0.008408598666:0.9986543275:0.0511745016;-0.1619199204:-0.05186071871:0.9854402089;-0.9854402089:0:-0.1619199204
-282.3934295:66.45340481:116.4655384;-0.01438138959:0.9981488409:0.05909371477;-0.2360262805:-0.06081851274:0.9698415868;-0.9698415868:0:-0.2360262805
-288.1340195:65.08169924:136.6128031;-0.02180355166:0.9975552731:0.06639338942;-0.3112430321:-0.06988187908:0.9477575101;-0.9477575101:0:-0.3112430321
-295.2978781:63.55026225:155.8484006;-0.03032648598:0.9968877614:0.07276740622;-0.3834909194:-0.07883394675:0.9201738551;-0.9201738551:0:-0.3834909194
-303.765538:61.85819854:174.2870271;-0.03910422125:0.9961865824:0.07799457042;-0.4464846962:-0.08724845634:0.8905274409;-0.8905274409:0:-0.4464846962
-313.4050763:60.00220462:192.112866;-0.04761547094:0.9954761126:0.08221968181;-0.4988842226:-0.09501215264:0.8614448463;-0.8614448463:0:-0.4988842226
-324.0845702:57.97897697:209.5101008;-0.05545669529:0.9947741706:0.08572575094;-0.540323686:-0.1020997034:0.8352400642;-0.8352400642:0:-0.540323686
-335.672097:55.78521207:226.6629149;-0.06236141353:0.9940916731:0.08884142922;-0.5711334139:-0.108543749:0.8136491124;-0.8136491124:0:-0.5711334139
-348.0357338:53.41760642:243.7554917;-0.06817614413:0.9934345485:0.09186844494;-0.5920227635:-0.1144019135:0.7977601455;-0.7977601455:0:-0.5920227635
-361.0435578:50.8728565:260.9720147;-0.07282037574:0.9928064125:0.09504009721;-0.6038265006:-0.1197306444:0.7880724142;-0.7880724142:0:-0.6038265006
-374.5636461:48.1476588:278.4966673;-0.07625070811:0.9922109542:0.09850508505;-0.6073487043:-0.1245689458:0.7846082647;-0.7846082647:0:-0.6073487043
-388.4449639:45.24117256:296.4990095;-0.07837699269:0.9916397232:0.1025071039;-0.6023193195:-0.1290374338:0.7877568013;-0.7877568013:0:-0.6023193195
-402.3142968:42.18118644:314.9786047;-0.07894863753:0.9910412317:0.1077236728;-0.5858306422:-0.1335562693:0.7993529769;-0.7993529769:0:-0.5858306422
-415.6550892:39.0139597:333.8253409;-0.07769369221:0.9903967452:0.1143589841;-0.5565650273:-0.1382544287:0.8192198016;-0.8192198016:0:-0.5565650273
-427.9483962:35.78605945:352.9272782;-0.07401676157:0.9897050118:0.1224969739;-0.5118333446:-0.143122289:0.8470788852;-0.8470788852:0:-0.5118333446
-438.6752732:32.5440528:372.1724766;-0.06688444282:0.9889937762:0.1319764446;-0.447077476:-0.1479571243:0.8821736903;-0.8821736903:0:-0.447077476
-447.3167755:29.33450685:391.4489962;-0.05476230662:0.9883512218:0.1419963101;-0.355636476:-0.1521902176:0.922150115;-0.922150115:0:-0.355636476
-453.3539583:26.20398871:410.6448972;-0.03588159811:0.987978421:0.1503700453;-0.2293150964:-0.1545918485:0.9609973709;-0.9609973709:0:-0.2293150964
-456.2678768:23.19906548:429.6482396;-0.00954163942:0.9882306538:0.1526732849;-0.06164129738:-0.1529711567:0.9863063295;-0.9863063295:0:-0.06164129738
-455.5455708:20.36605979:448.347087;0.0206376988:0.9894862736:0.1431467766;0.1411959486:-0.1446268104:0.9793603983;-0.9793603983:0:0.1411959486
-451.0331421:17.73662443:466.6297122;0.04309033379:0.991378768:0.1237390864;0.3260302294:-0.1310272428:0.936235094;-0.936235094:0:0.3260302294
-443.1332391:15.31967407:484.3847122;0.0549819823:0.9933026006:0.1016214799;0.4726745849:-0.1155419558:0.8736296659;-0.8736296659:0:0.4726745849
-432.2963852:13.12216735:501.5007121;0.05884293144:0.9949648864:0.08113189466;0.5841572728:-0.1002241234:0.8054287093;-0.8054287093:0:0.5841572728
-418.9731038:11.15106295:517.8663369;0.05764528215:0.9962970014:0.06379111558;0.6679796654:-0.08597839834:0.739196105;-0.739196105:0:0.6679796654
-403.6139182:9.413319538:533.3702115;0.0535302106:0.997333574:0.04960099546;0.731558939:-0.07297768287:0.677861178;-0.677861178:0:0.731558939
-386.6693518:7.915895779:547.900961;0.0477468151:0.9981353374:0.03802748961;0.780766649:-0.06103972738:0.6218340546;-0.6218340546:0:0.780766649
-368.5899279:6.66575034:561.3472102;0.04090714933:0.9987576502:0.0284563065;0.8198932508:-0.04983127778:0.5703436692;-0.5703436692:0:0.8198932508
-349.8261699:5.669841888:573.5975843;0.03320708748:0.9992413374:0.02034794995;0.8520090653:-0.03894547119:0.5220764341;-0.5220764341:0:0.8520090653
-330.7570757:4.928574807:584.5878419;0.02503686192:0.9995944442:0.01356844411;0.8788352277:-0.02847713346:0.4762748107;-0.4762748107:0:0.8788352277
-311.4755407:4.416136336:594.4422769;0.01711256326:0.9998195309:0.008250199505;0.9006164277:-0.01899751598:0.4341994294;-0.4341994294:0:0.9006164277
-292.0029351:4.100159433:603.332317;0.009839813574:0.9999425214:0.004258156554;0.9176988494:-0.01072165232:0.3971320535;-0.3971320535:0:0.9176988494
-272.3606287:3.948277052:611.4293898;0.003540488176:0.9999927625:0.001392804797;0.9305748116:-0.003804597446:0.3660820195;-0.3660820195:0:0.9305748116
-252.5699917:3.928122149:618.9049228;-0.001553082986:0.9999986344:-0.0005648303049;0.9397779806:0.001652604016:0.3417815327;-0.3417815327:0:0.9397779806
-232.652394:4.007327682:625.9303438;-0.005289024932:0.9999843643:-0.001815841103;0.9457960524:0.005592053616:0.3247130367;-0.3247130367:0:0.9457960524
-212.6292056:4.153526605:632.6770803;-0.007580149464:0.9999681019:-0.002517242351;0.9490082749:0.007987188175:0.3151499628;-0.3151499628:0:0.9490082749
-192.5217965:4.334351874:639.31656;-0.008388478453:0.9999609891:-0.002766533359;0.949647666:0.008832908784:0.3131952907;-0.3131952907:0:0.949647666
-172.3504548:4.519695476:646.0092919;-0.008177139547:0.99996284:-0.002730004884;0.9484985958:0.008620820021:0.31666401;-0.31666401:0:0.9484985958
-152.1228902:4.705710618:652.7888574;-0.008457546278:0.9999601951:-0.002842220753;0.9478680815:0.008922348785:0.318538054;-0.318538054:0:0.9478680815
-131.8386972:4.905493235:659.6069485;-0.009340138394:0.9999514615:-0.00313632471;0.9479363171:0.009852650298:0.3183074992;-0.3183074992:0:0.9479363171
-111.4973354:5.132421637:666.4138928;-0.01082390218:0.9999349208:-0.003605188984;0.9486945899:0.01140851638:0.3159880076;-0.3159880076:0:0.9486945899
-91.0982641:5.399874137:673.1600176;-0.01291256562:0.999907663:-0.004234524259;0.9501222758:0.01358917019:0.3115814428;-0.3115814428:0:0.9501222758
-70.64094278:5.721229045:679.7956504;-0.01561414774:0.9998655766:-0.005002707421;0.9521866588:0.01639599619:0.3050766103;-0.3050766103:0:0.9521866588
-50.12483084:6.109864674:686.2711185;-0.01894029706:0.9998033237:-0.005880402014;0.9548423444:0.01983214514:0.2964503052;-0.2964503052:0:0.9548423444
-29.54938769:6.579159336:692.5367493;-0.02290538768:0.9997143063:-0.00683000593;0.9580303118:0.02390200339:0.285668717;-0.285668717:0:0.9580303118
-8.914129691:7.1423755:698.5433415;-0.02747631006:0.9995920471:-0.007796906326;0.9616244368:0.02856115128:0.2728785503;-0.2728785503:0:0.9616244368
11.77801035:7.805825137:704.2699645;-0.0320243466:0.9994496902:-0.00864626884;0.9649001081:0.03317102259:0.2605138473;-0.2605138473:0:0.9649001081
32.51880412:8.565046942:709.7395071;-0.03634674847:0.9992953513:-0.009365616905;0.967686365:0.03753399665:0.2493477453;-0.2493477453:0:0.967686365
53.29956778:9.414652877:714.9786278;-0.04043703907:0.9991322498:-0.009979638744;0.9700278707:0.04165029794:0.239397541;-0.239397541:0:0.9700278707
74.11161751:10.3492549:720.0139851;-0.04429053362:0.9989633912:-0.01051149862;0.9719650018:0.04552079713:0.2306770304;-0.2306770304:0:0.9719650018
94.94626948:11.36346498:724.8722373;-0.04790394697:0.9987915659:-0.01098270322;0.9735335495:0.04914679954:0.2231972672;-0.2231972672:0:0.9735335495
115.7948398:12.45189508:729.580043;-0.05127502843:0.9986193542:-0.01141301477;0.9747644995:0.05252985291:0.2169672444;-0.2169672444:0:0.9747644995
136.6486448:13.60915715:734.1640605;-0.05440222799:0.9984491353:-0.01182039898;0.9756838687:0.05567157482:0.2119944906;-0.2119944906:0:0.9756838687
157.4990004:14.82986316:738.6509483;-0.05728439646:0.9982830987:-0.01222099727;0.9763125855:0.05857349958:0.2082855747;-0.2082855747:0:0.9763125855
178.3407344:16.11059658:743.0598514;-0.06018927618:0.9981072747:-0.01261424425;0.976884348:0.06149689524:0.204731782;-0.204731782:0:0.976884348
199.1827204:17.45582687:747.3798612;-0.06338372437:0.9979047994:-0.01298132857;0.977612311:0.06469939262:0.2002202734;-0.2002202734:0:0.977612311
220.0373433:18.871995:751.5925556;-0.0668645252:0.9976733037:-0.01330843496;0.9784801725:0.06817608944:0.194752594;-0.194752594:0:0.9784801725
240.9169883:20.36554195:755.6795126;-0.0706271583:0.9974103378:-0.01358022427;0.9794683236:0.07192091477:0.1883326445;-0.1883326445:0:0.9794683236
261.8340404:21.94290869:759.6223103;-0.07466562214:0.9971134124:-0.01377997453;0.9805539886:0.07592656207:0.1809669377;-0.1809669377:0:0.9805539886
282.8008846:23.61053619:763.4025265;-0.07897225356:0.9967800448:-0.0138897584;0.981711413:0.0801844263:0.1726648758;-0.1726648758:0:0.981711413
303.829906:25.37486541:767.0017393;-0.08353755043:0.9964078117:-0.01389065904;0.9829121059:0.08468454841:0.1634390386;-0.1634390386:0:0.9829121059
324.9334896:27.24233734:770.4015267;-0.08835000596:0.9959944054:-0.0137630257;0.9841251379:0.08941557152:0.1533054742;-0.1533054742:0:0.9841251379
346.1221195:29.21802711:773.5774182;-0.09318541874:0.9955593705:-0.01334231861;0.9855088554:0.09413575162:0.141105479;-0.141105479:0:0.9855088554
367.3841806:31.29113198:776.4346317;-0.09734460749:0.9951769062:-0.01212240616;0.9875489454:0.09809651033:0.122980304;-0.122980304:0:0.9875489454
388.6938007:33.44060544:778.8330225;-0.1007335611:0.9948629403:-0.01002395919;0.9899735729:0.1012310728:0.09851190194;-0.09851190194:0:0.9899735729
410.0248696:35.64523026:780.63169;-0.1032655679:0.9946289923:-0.007027812698;0.9923336102:0.103504433:0.06753397953;-0.06753397953:0:0.9923336102
431.3512772:37.88378918:781.6897333;-0.104808854:0.9944873943:-0.003150673219;0.9940383534:0.1048561998:0.02988192217;-0.02988192217:0:0.9940383534
452.6469136:40.13506497:781.8662518;-0.1051918743:0.9944507535:0.001538997194;0.9943443404:0.1052031317:-0.0145476365;0.0145476365:-0:0.9943443404
473.8856686:42.37784039:781.0203447;-0.1042164953:0.994530687:0.006901786841;0.9923569217:0.1044447823:-0.06571930792;0.06571930792:-0:0.9923569217
495.0414321:44.59089818:779.0111114;-0.1016825674:0.9947357156:0.01270872043;0.9870561558:0.1024736849:-0.1233664831;0.1233664831:-0:0.9870561558
516.0873106:46.75291621:775.6985378;-0.09742680279:0.9950688788:0.01859958547;0.9774168193:0.09918632205:-0.1865969851;0.1865969851:-0:0.9774168193
536.9493899:48.83627802:770.9958125;-0.09139903568:0.9955294312:0.02381948464;0.9633525656:0.0944518479:-0.2510591219;0.2510591219:-0:0.9633525656
557.4808746:50.80361098:764.8985879;-0.08364067733:0.9961033625:0.02797013163;0.9446815481:0.08819348711:-0.3159092931;0.3159092931:-0:0.9446815481
577.5286999:52.61670323:757.4096102;-0.07421212746:0.996768461:0.03074403014;0.9208748487:0.08032829671:-0.3814929591;0.3814929591:-0:0.9208748487
596.9398007:54.23734289:748.5316256;-0.06321585993:0.9974938708:0.03177629391;0.891234164:0.07075293493:-0.4479907221;0.4479907221:-0:0.891234164
615.5611124:55.6273181:738.2673802;-0.05083426807:0.9982368623:0.03064382539;0.8549162514:0.05935627048:-0.5153591333;0.5153591333:-0:0.8549162514
633.2395701:56.748417:726.6196202;-0.03737584796:0.9989396746:0.02688071048;0.810981375:0.04603831672:-0.5832578185;0.5832578185:-0:0.810981375
649.8221088:57.56242771:713.5910916;-0.02332458188:0.9995275005:0.02001848145;0.7584802089:0.03073720416:-0.6509708112;0.6509708112:-0:0.7584802089
665.1556638:58.03113837:699.1845408;-0.009380003392:0.9999093517:0.009659396614;0.696592204:0.01346433833:-0.7173409322;0.7173409322:-0:0.696592204
679.1309326:58.12961807:683.4310666;0.002373350611:0.9999929168:-0.002921231014;0.6305642187:-0.003763825681:-0.7761279532;0.7761279532:-0:0.6305642187
691.8136624:57.88605983:666.4751793;0.0107025226:0.9998223848:-0.01551305145;0.5677711118:-0.01884671736:-0.8229706956;0.8229706956:-0:0.5677711118
703.3133627:57.3419376:648.489742;0.01618772442:0.9994968216:-0.02727748509;0.5100888907:-0.03171913642:-0.8595366309;0.8595366309:-0:0.5100888907
713.7395431:56.53872535:629.6476178;0.01948655206:0.9990983836:-0.03771861928;0.458580164:-0.04245491669:-0.8876383347;0.8876383347:-0:0.458580164
723.2017132:55.51789706:610.1216699;0.02120906961:0.9986885511:-0.04659778198;0.4137170681:-0.05119744055:-0.9089648011;0.9089648011:-0:0.4137170681
731.8093826:54.32092668:590.0847611;0.02186296367:0.9983102514:-0.05383913719;0.3756056038:-0.05810887948:-0.9249561009;0.9249561009:-0:0.3756056038
739.6720607:52.98928819:569.7097548;0.02184265665:0.9979921505:-0.05945221601;0.3441677019:-0.06333772681:-0.9367694088;0.9367694088:-0:0.3441677019
746.8992572:51.56445556:549.1695139;0.02143939779:0.9977530082:-0.06347666393;0.319274319:-0.06699951224:-0.9452909471;0.9452909471:-0:0.319274319
753.5964263:50.0860228:528.627093;0.02084541554:0.9975862374:-0.06623569808;0.2994752637:-0.06943845512:-0.9515738896;0.9515738896:-0:0.2994752637
759.8218783:48.57172941:508.1315214;0.02011474132:0.9974365984:-0.06867043953;0.2803850981:-0.07155579699:-0.9572167804;0.9572167804:-0:0.2803850981
765.6035082:47.02521522:487.6582639;0.01926902529:0.9973021583:-0.0708315591;0.2617920093:-0.07340575658:-0.9623287062;0.9623287062:-0:0.2617920093
770.968704:45.44988507:467.1815592;0.01833260992:0.9971852894:-0.07270085277;0.2438226843:-0.07497665357:-0.9669172664;0.9669172664:-0:0.2438226843
775.9448537:43.84914378:446.675646;0.01733073398:0.9970879539:-0.07426478159;0.2265962451:-0.0762601608:-0.9709987279;0.9709987279:-0:0.2265962451
780.5593453:42.2263962:426.1147631;0.01628859759:0.9970116508:-0.07551456605;0.2102219007:-0.07725133071:-0.9745968317;0.9745968317:-0:0.2102219007
784.839567:40.58504715:405.4731491;0.01523047944:0.9969573861:-0.07644607831;0.1947970364:-0.07794851117:-0.9777413483;0.9777413483:-0:0.1947970364
788.8129067:38.92850146:384.7250428;0.01417895607:0.9969256649:-0.07705955991;0.1804057959:-0.07835316566:-0.980466486;0.980466486:-0:0.1804057959
792.5066804:37.26018388:363.8449858;0.01315391676:0.9969163547:-0.07736120595;0.1671097022:-0.07847153441:-0.9828105442;0.9828105442:-0:0.1671097022
795.9438775:35.58471295:342.8257016;0.01216587699:0.9969271087:-0.07738430908;0.1548289343:-0.07833479339:-0.984830778;0.984830778:-0:0.1548289343
799.1407811:33.90855771:321.688095;0.01122083589:0.996956793:-0.07714431715;0.1434998571:-0.07795609551:-0.9865752066;0.9865752066:-0:0.1434998571
802.1130976:32.23834634:300.4554953;0.01032392491:0.9970048315:-0.07664712977;0.133088924:-0.07733929097:-0.9880819664;0.9880819664:-0:0.133088924
804.8765334:30.58070704:279.1512313;0.009478908566:0.9970706078:-0.07589699137;0.1235659407:-0.07648661979:-0.9893842809;0.9893842809:-0:0.1235659407
807.4467948:28.94226801:257.7986324;0.008688363002:0.9971534654:-0.07489645407;0.1149042272:-0.07539871672:-0.9905110055;0.9905110055:-0:0.1149042272
809.8395881:27.32965743:236.4210276;0.007953815151:0.9972527028:-0.07364634133;0.1070807452:-0.07407460271:-0.9914870989;0.9914870989:-0:0.1070807452
812.0706198:25.74950351:215.0417461;0.007275845209:0.9973675647:-0.07214570644;0.1000762082:-0.07251166031:-0.9923340222;0.9923340222:-0:0.1000762082
814.1555961:24.20843443:193.6841169;0.006654154469:0.9974972278:-0.07039178114;0.0938751876:-0.07070559117:-0.9930700723;0.9930700723:-0:0.0938751876
816.1086764:22.71222108:172.3659115;0.006074070837:0.9976361222:-0.06844905664;0.08818227831:-0.06871803033:-0.9937312102;0.9937312102:-0:0.08818227831
817.9378324:21.26320505:151.0826709;0.005522585571:0.9977786836:-0.0663867434;0.08271757076:-0.066616054:-0.9943440576;0.9943440576:-0:0.08271757076
819.6494886:19.86287064:129.8243785;0.00500101486:0.9979240049:-0.06420802377;0.07749130397:-0.06440248805:-0.9949107585;0.9949107585:-0:0.07749130397
