0.6506213385:13.41702863:57.08058623;0.007643743029:0.9931354252:-0.1167201796;0.03188677611:-0.05861839986:-0.9977710743;0.9977637503:-0.00390487546:0.03211595094
1.76058478:11.67040425:25.57606649;0.01504756033:0.9938924396:-0.1093224102;0.08547207642:-0.05533295832:-0.994802889;0.9947762026:-0.005625343085:0.08578267658
4.436301332:10.03419292:-5.818537416;0.02045023915:0.9947965624:-0.09980775073;0.1309388238:-0.05113413376:-0.9900708686;0.9900226795:-0.007178476548:0.1313031971
8.422206984:8.535673833:-37.09477859;0.02329088495:0.9957852355:-0.08870907137;0.1680893572:-0.04608290754:-0.9846940305;0.984631749:-0.00802334459:0.1684542118
13.45771423:7.201945007:-68.25833746;0.02359852568:0.9967972055:-0.07640968926;0.1968590209:-0.04022306062:-0.9796063655;0.9795423192:-0.008075329359:0.1971777268
19.27804058:6.060120288:-99.32356298;0.02158999909:0.9977740025:-0.06309446717;0.2170497507:-0.03356716518:-0.9755832364;0.975529493:-0.007368202814:0.2172913136
25.60664725:5.137557964:-130.3253509;0.01761778937:0.9986542614:-0.04877786086;0.2284447927:-0.02611524374:-0.9732065406;0.9731707047:-0.006002699537:0.2285974586
32.15922112:4.461928596:-161.3069264;0.01213769429:0.9993716455:-0.03330150974;0.2306408615:-0.01784647922:-0.9728752727;0.9728582768:-0.004127773743:0.2307125524
38.63210833:4.061907399:-192.3242865;0.005750257021:0.9998493728:-0.01637578121;0.2231667826:-0.008733666028:-0.9747411504;0.9747373485:-0.001950481739:0.2231833884
44.71122246:3.966690515:-223.4332466;-0.0007586436578:0.9999969175:0.002364219602;0.2055273234:0.001248159104:-0.9786505819;0.9786505161:0.0002565353305:0.2055276368
50.06008776:4.206553141:-254.6761259;-0.006381483852:0.9997082046:0.02329768734;0.1771420494:0.0121270803:-0.9841105773;0.9841059513:0.002153085677:0.1771677489
54.33285908:4.811892597:-286.0795648;-0.009853616373:0.9988634981:0.04663280311;0.1376548565:0.02389668138:-0.9901919456;0.9901809598:0.003337739749:0.1377338802
57.16860292:5.812515628:-317.6209831;-0.009741027152:0.9973344435:0.07231265535;0.08662404764:0.03654773018:-0.9955704585;0.9955595726:0.003433863966:0.08674915878
58.20482998:7.237053418:-349.244678;-0.005193642002:0.9950033495:0.09970637157;0.02418782077:0.05000255238:-0.9984561553;0.9984527919:0.002773943979:0.02432665804
57.08791599:9.110025476:-380.8116753;0.01154724561:0.9917774189:0.1274527854;-0.0495611445:0.06417219143:-0.9967073908;0.9966908079:-0.005192519131:-0.04989463603
53.4791369:11.45280774:-412.1364604;0.03306399553:0.9876312618:0.1532685973;-0.1335424395:0.07887975313:-0.9878989834;0.9877697086:-0.01219602519:-0.1344987679
47.0905045:14.27831352:-442.9306291;0.06437650606:0.9826215667:0.174099173;-0.2266656748:0.09393659298:-0.9694320958;0.968939168:-0.02294634466:-0.2287738901
37.67237448:17.59435042:-472.8561634;0.1045320912:0.9769336678:0.1862086211;-0.3265719107:0.109072758:-0.9388577744;0.937512057:-0.03733026137:-0.330440698
25.07774229:21.39676573:-501.4794799;0.1513110383:0.9708679301:0.1857967491;-0.4309105041:0.1240266697:-0.8938308132;0.8908354235:-0.05518469758:-0.4371237933
9.222401984:25.67514715:-528.3293339;0.2005298314:0.9648533506:0.1698405092;-0.536088547:0.1384819752:-0.8327255324;0.8269778693:-0.07593675882:-0.5450165979
-9.829297674:30.40600437:-552.8794008;0.2467428362:0.9593773417:0.1367957933;-0.6386742239:0.1521719704:-0.7542804036;0.7444560138:-0.09874533893:-0.6502769227
-31.93336873:35.55978439:-574.5928879;0.2835102125:0.9549589507:0.08760914257;-0.7343687605:0.1647988993:-0.6584404653;0.6432215061:-0.1223371788:-0.7480141919
-56.77582122:41.09576166:-592.9462098;0.3049172675:0.9520319156:0.02570392223;-0.819286186:0.1761652925:-0.5456518443;0.5240061096:-0.1453198009:-0.8337024367
-83.96166732:46.96873861:-607.4420147;0.3064438666:0.9509263897:-0.04279203253;-0.8892962807:0.1860457573:-0.4177787709;0.3893155822:-0.1660805373:-0.9026678827
-112.9419296:53.12680228:-617.6746784;0.2863452494:0.9517521006:-0.1103373783;-0.9409580816:0.194363927:-0.2771652082;0.242346963:-0.1831877885:-0.9512140179
-143.1039607:59.51607802:-623.3005015;0.2460187552:0.9544531749:-0.1688013893;-0.9712733928:0.2009982912:-0.1273879247;0.08765701839:-0.1952921167:-0.9764843229
-173.7344229:66.08155977:-624.1317582;0.1901068866:0.9587333991:-0.2113992459;-0.9781571666:0.2060141201:0.02769006712;-0.07009862181:-0.2015176149:-0.9769566481
-204.0882817:72.76884096:-620.0662223;0.1255597167:0.9642014277:-0.2335601942;-0.9604482487:0.2093964345:0.1835546098;-0.2258902888:-0.2012754147:-0.9523573296
-233.3944045:79.52704426:-611.1876933;0.06048117552:0.9703340318:-0.2340809565;-0.9179426705:0.2113294846:0.3357396353;-0.3752478018:-0.1945669705:-0.903492468
-260.8867666:86.30753333:-597.6711297;0.002565190368:0.9766519473:-0.2148124615;-0.8513972629:0.2118618983:0.4798304251;-0.5141378949:-0.1816598854:-0.8320622608
-285.8458722:93.06710645:-579.8701007;-0.04206248161:0.9826790248:-0.1804790341;-0.7623197837:0.2112213274:0.6117631063;-0.6392877939:-0.1633150127:-0.7402311685
-307.5896767:99.76505608:-558.2195189;-0.06970108336:0.9880645115:-0.1373691378;-0.6528912719:0.2094453623:0.7279186956;-0.7480019592:-0.1404238328:-0.630500127
-325.53941:106.3652167:-533.3010592;-0.07948323174:0.9925279067:-0.09257845533;-0.5257493425:0.206716785:0.8251398667;-0.8381118653:-0.1142578453:-0.5053903762
-339.1787877:112.8334608:-505.758951;-0.07338798494:0.9959077125:-0.05274496955;-0.3840299938:0.2030284546:0.9007221605;-0.9077448762:-0.08635783468:-0.3675585835
-348.1381959:119.1392703:-476.3408798;-0.05659678189:0.9981261929:-0.02325741431;-0.2311752686:0.1985044799:0.9524463065;-0.9552783067:-0.05928193487:-0.2195073759
-352.130132:125.2546836:-445.8324173;-0.03936954365:0.9992006442:-0.006936261671;-0.07122090272:0.1931676923:0.97857745;-0.9791350801:-0.03902015445:-0.06355904799
-351.0488702:131.1583559:-415.0672243;0.03846084193:0.9992307967:-0.007653666957;0.09153543981:0.1871941433:0.9780488822;-0.9787292854:0.03831716523:0.08426538609
-344.8837448:136.8343002:-384.8849761;0.05198004344:0.9983860195:-0.02287861854;0.2522714441:0.180786688:0.9506183734;-0.9532202436:0.05518480649:0.242466983
-333.8225544:142.2813464:-356.1013186;0.06290161703:0.9968704311:-0.04788246253;0.4061314395:0.1743365043:0.8970306779;-0.9025710197:0.0758712536:0.3938943751
-318.1471251:147.5080631:-329.5007154;0.06352953426:0.994875851:-0.07865137894;0.5484047759:0.1683032929:0.8191008505;-0.8281409418:0.09516988739:0.5349024383
-298.3169307:152.5471576:-305.7669311;0.05182952694:0.992521589:-0.1105196614;0.6748148113:0.1633358183:0.7196849178;-0.7323546375:0.1118812333:0.6613026506
-274.8653232:157.444254:-285.5204535;0.02816048807:0.9898145077:-0.1395500889;0.7821038698:0.1600244046:0.6022505515;-0.618447753:0.126102334:0.7696313915
-248.4435192:162.2725031:-269.2293618;-0.006096779753:0.9866069225:-0.1630018702;0.8677182249:0.1591012238:0.4709053862;-0.4905323109:0.138568687:0.8570668126
-219.7442497:167.1170288:-257.2839117;-0.04970344162:0.9826148485:-0.1788788063;0.930344501:0.1610168708:0.3294429794;-0.352518069:0.1500444638:0.9221734136
-189.5084385:172.0833195:-249.9154736;-0.1017142126:0.9773726263:-0.1854641966;0.9691664817:0.1663006828:0.1818252283;-0.2085538235:0.161251473:0.9641519326
-158.491129:177.2825571:-247.282193;-0.1613039413:0.9703277956:-0.1801249777;0.9840725104:0.1750080358:0.03120066769;-0.06179819363:0.1722232483:0.9831023957
-127.4556522:182.8283311:-249.4082005;-0.2280236941:0.9582520984:-0.1725053937;0.9750420646:0.1872194105:-0.1193392836;0.08206076084:0.1954121995:0.977026566
-97.16972329:188.8284605:-256.2537741;-0.3008541146:0.9426703656:-0.1444277797;0.9421594135:0.2024005506:-0.2671509996;0.2226030683:0.2164474696:0.9490387973
-68.41030794:195.3652737:-267.6577967;-0.3734055886:0.9231902206:-0.09103890935;0.8852778725:0.2200190481:-0.4097251602;0.3582239669:0.2335883966:0.8994362166
-41.9582468:202.4996541:-283.390409;-0.4352378687:0.9002649967:-0.009535901749;0.8043728019:0.2388076783:-0.544017728;0.4874828715:0.2444475365:0.8280868227
-18.60063012:210.2321957:-303.068178;-0.4738064613:0.8750678092:0.09881177303;0.699042846:0.2575127613:-0.6671028985;0.6092055644:0.2470040006:0.733721102
0.8923834617:218.5269183:-326.2199032;-0.475498614:0.8504180267:0.2251449487;0.5700470908:0.2741244279:-0.7745334804;0.7203949643:0.2399463734:0.6151241076
15.82461116:227.2618353:-352.1768884;-0.431383647:0.8300489772:0.3534499179;0.4182359083:0.2866867223:-0.8619103482;0.8167572014:0.2239885819:0.4708282517
25.57797097:236.2751159:-380.181973;-0.3441424263:0.818438918:0.4601344672;0.2476304987:0.2928686545:-0.9235296895;0.8906116021:0.2038824205:0.3034589667
29.77280807:245.3315588:-409.321636;-0.235619128:0.8183450386:0.524208951;0.06374639853:0.2907299603:-0.9546792586;0.9336602823:0.1915242617:0.1206680887
28.18086367:254.1750766:-438.6491444;0.02512892511:0.8506593841:0.5251163199;-0.1239657946:0.2790783463:-0.9522330379;0.9565745637:0.04116786914:-0.1124656053
20.94103615:262.5394057:-467.2412784;0.1140388842:0.8770169255:0.4667295205;-0.3047181398:0.257918749:-0.9168559179;0.9244764523:0.03766372545:-0.2966557324
8.362800784:270.1729671:-494.242479;0.1669340308:0.909377584:0.3810058256;-0.4683458682:0.2288059426:-0.8534049381;0.8632437178:0.03598017795:-0.4640987324
-8.929216549:276.8930955:-519.0443166;0.1729330882:0.9396152299:0.2953258653;-0.6066465637:0.1944261436:-0.7708296968;0.7817023919:0.04585646145:-0.6036370638
-30.2087096:282.5610631:-541.1847494;0.143122111:0.9625504447:0.2302448756;-0.7174073047:0.1577660031:-0.6785548227;0.6894680601:0.06806315691:-0.7131205236
-54.65780123:287.1449763:-560.5401563;0.09572310505:0.9763042701:0.1940800332;-0.8005829587:0.121881136:-0.5866957602;0.5964482708:0.09921682731:-0.7932794019
-81.46856963:290.660595:-577.1292236;0.05953412772:0.9852004406:0.1607351222;-0.8609205582:0.08866842264:-0.5009527954;0.5077910445:0.1085563834:-0.8534581105
-109.9644853:293.2074566:-591.2014485;0.02615879713:0.9893309465:0.1433178134;-0.9025638194:0.05984103463:-0.4263773006;0.4304045446:0.1181999557:-0.8944996872
-139.5537939:294.9141012:-603.0721705;-0.0004543383434:0.9908608255:0.1348874272;-0.9310070357:0.0358710027:-0.3632343193;0.3647532048:0.125746175:-0.9224821023
-169.8524491:295.9413023:-613.0892876;-0.01897430998:0.9913204564:0.1300912309;-0.9501002259:0.0172642097:-0.3114667043;0.3110092377:0.1295095736:-0.941526213
-200.5655626:296.4556611:-621.5825084;-0.03010978436:0.9916276857:0.1255704337;-0.9632864346:0.003733907474:-0.2684498144;0.2666711366:0.1290432614:-0.9551090707
-231.5471701:296.6148585:-628.7762242;-0.03463507079:0.9922386439:0.1194273227;-0.9728524496:-0.004954618766:-0.2313732116;0.2289857249:0.124198791:-0.9654733989
-262.702735:296.5663582:-634.8371081;-0.03391347251:0.9932447877:0.1109714739;-0.9802824842:-0.00952630961:-0.1973714787;0.1949810439:0.1154769444:-0.9739835382
-293.9945079:296.4256768:-639.8062767;-0.02914976033:0.9945540736:0.1000624113;-0.9864945927:-0.01070947652:-0.1634433411;0.1614816246:0.1034753619:-0.9814343944
-325.3990402:296.2883329:-643.6768646;-0.02216038657:0.9959524437:0.08710710112;-0.9917154572:-0.009625047103:-0.1280929757;0.1267361022:0.08922404847:-0.9879147279
-356.8932986:296.2018018:-646.3756347;-0.01464058653:0.9972400772:0.07278654903;-0.9959351412:-0.00740300733:-0.08976853517;0.08898194158:0.073804946:-0.9932948215
-388.4509603:296.1864124:-647.8144386;-0.008582242103:0.9982627429:0.05829100462;-0.9988007149:-0.00547887228:-0.04865299463;0.0482491029:0.05863864886:-0.9971125623
-420.0321282:296.2019542:-647.9118563;-0.005534972669:0.9989649027:0.04514960939;-0.9999738092:-0.005291228172:-0.004937992305;0.004693984117:0.04517575854:-0.9989680258
-451.5916871:296.1773704:-646.5994101;-0.006579730741:0.9993581741:0.03521288017;-0.9991543894:-0.008332773041:0.04026252614;-0.04053010555:0.03491818721:-0.9985679337
-483.0772223:295.9787607:-643.8536645;-0.01212861387:0.9994618363:0.0304784272;-0.9961801981:-0.01608754105:0.0858265918;-0.08627072599:0.02932104806:-0.9958392097
-514.4320932:295.443616:-639.6700802;-0.02176054041:0.9992303602:0.03263688266;-0.990935986:-0.02976001301:0.1309969969;-0.1318674505:0.02949049605:-0.9908209162
-545.5900557:294.3578377:-634.0746607;-0.03227702188:0.9978925445:0.05629088351;-0.9832639784:-0.05054305882:0.1750352764;-0.1775115107:0.04969918063:-0.9828231727
-576.4714985:292.4878957:-627.0964714;-0.04317861826:0.9951169818:0.08875696884;-0.9726336409:-0.07904519765:0.2184849135;-0.2244338598:0.07689413708:-0.9712973155
-606.952945:289.5741244:-618.7462806;-0.05247123016:0.9900866006:0.1302892681;-0.9581194903:-0.1158898139:0.2618713299;-0.2743744938:0.1110919763:-0.9547021502
-636.8755891:285.3560251:-609.0170932;-0.05695939588:0.982105003:0.1795143178;-0.9381255184:-0.1606669443:0.3067680635;-0.3301204668:0.1509336389:-0.9304892571
-665.9831701:279.5959029:-597.8491572;-0.05284886424:0.9707200878:0.2343277806;-0.9104048229:-0.2130070932:0.3546703211;-0.3941990846:0.1945892179:-0.8950054325
-693.9686568:272.0868502:-585.1622473;-0.03570699147:0.9564825267:0.2895965933;-0.8725414277:-0.2708088069:0.4066128957;-0.4673434378:0.2381661018:-0.8442403972
-720.4193885:262.7223046:-570.8470034;-0.001787972587:0.9409034804:0.3386701106;-0.8215887515:-0.3318935795:0.4635068234;-0.5485176186:0.2774188158:-0.7736291323
-744.8938512:251.4634763:-554.7971452;0.04911604985:0.9268623301:0.3721744681;-0.7561074394:-0.3920053859:0.5240546894;-0.6316209465:0.3071433803:-0.681553747
-766.9407484:238.4423213:-536.9478486;0.1127081944:0.9175588943:0.381290622;-0.6751965341:-0.4467588895:0.5869549684;-0.7089107267:0.3236007412:-0.5691791975
-786.1448753:223.8747028:-517.2676795;0.1780208085:0.9152405288:0.3614462149;-0.5814136127:-0.4911514234:0.6486358688;-0.7711826585:0.3256204314:-0.4446981288
-802.2451775:208.1413653:-495.8173066;0.2318878132:0.9203346706:0.3149795805;-0.4790976757:-0.5209501196:0.7064533884;-0.8142621967:0.3147239162:-0.3201282176
-815.085009:191.678778:-472.6988504;0.2639772619:0.9308105645:0.2527997195;-0.3749674353:-0.5342638803:0.7576024873;-0.8402461579:0.2947814927:-0.2079901338
-824.7712093:174.9814263:-448.0881323;0.2710087033:0.9439988512:0.1882032192;-0.2766408171:-0.5306851287:0.8011511421;-0.8561624074:0.2691836245:-0.117328325
-831.5305318:158.5373893:-422.1820879;0.2576521613:0.9572051536:0.1318091715;-0.1896362288:-0.512833835:0.837281051;-0.86904594:0.2407230666:-0.04938802957
-835.8058993:142.7511045:-395.1884065;0.2310724788:0.9688966217:0.08857113484;-0.1191919287:-0.4837179103:0.8670699322;-0.8829445724:0.210912963:-0.003710760492
-838.1011516:127.96444:-367.3069874;0.211368363:0.9757097366:0.05756670041;-0.06555192048:-0.4474177364:0.8919194554;-0.8960108597:0.192297163:0.03061030744
-838.9476253:114.3526285:-338.6958181;0.1914315625:0.9808261907:0.0365231515;-0.02902173645:-0.4076392115:0.9126817693;-0.9100704518:0.1757760624:0.04956973196
-838.8501465:102.0109564:-309.4885867;0.1744927531:0.9843972834:0.02267746606;-0.00627666011:-0.3675226438:0.9299933924;-0.9238174513:0.1624194462:0.05795131079
-838.1800024:90.88156239:-279.7636974;-0.05505236849:0.9982956461:0.01936594424;0.005860579672:-0.3301599022:0.9439068241;-0.948691931:-0.05207780196:-0.01232549342
-837.2602449:80.85253712:-249.5838829;-0.02016410725:0.9996962852:0.0141684916;0.008805271557:-0.2971961602:0.9547758426;-0.9586966843:-0.0193769599:0.002809902017
-836.3545228:71.74892767:-219.0044736;0.009380667969:0.9999022282:0.01037001412;0.004019258942:-0.2701633965:0.9628060993;-0.9655135622:0.008990084564:0.006553179092
-835.757278:63.39233243:-188.1037817;0.1578265417:0.9874425588:0.006926458734;-0.01264979488:-0.2487031362:0.9684971516;-0.9580579376:0.1529421744:0.02676101009
-835.9455281:55.65359855:-157.0594479;0.1646199255:0.9862932293:0.01122256742;-0.0455768843:-0.2320507637:0.9716353177;-0.9609215405:0.1604620233:-0.006751992958
-837.4895805:48.44107052:-126.1110789;0.1752767714:0.984293298:0.02108926022;-0.09997983576:-0.2181657853:0.9707768655;-0.9601301176:0.1722631355:-0.06017008779
-841.1503269:41.76383356:-95.64681766;0.1900112804:0.9809655764:0.04002813062;-0.1820194858:-0.2043958879:0.961816629;-0.9516905892:0.1900419089:-0.1397173254
-847.6847109:35.66714666:-66.09141371;0.2053915258:0.9761420132:0.07043501403;-0.2879173595:-0.1882844519:0.9389635559;-0.9298235938:0.2131346207:-0.2423762001
-857.6432988:30.24022343:-37.86750625;0.2135175342:0.9704996161:0.1119855246;-0.4114062702:-0.1674844365:0.8959318302;-0.8882573298:0.2373687022:-0.3635087634
-871.3855823:25.56998355:-11.33329326;0.2081567763:0.9656112638:0.1557743358;-0.5335919901:-0.142424492:0.8336635126;-0.8271809586:0.2566526472:-0.4855958127
-888.7131315:21.69021668:13.40868198;0.1919578588:0.9626509093:0.1909329917;-0.6372637491:-0.1153786457:0.7619597642;-0.7555308498:0.2679388389:-0.5913146898
-909.1883408:18.60224435:36.39881435;0.1737723152:0.9614856668:0.2129518607;-0.7137921593:-0.08949158348:0.694616448;-0.6869211579:0.2727084769:-0.6707497706
-931.9748216:16.2306458:57.99359679;0.1354233886:0.9716982834:0.1935534856;-0.7605573098:-0.06746904568:0.6457557637;-0.6405386361:0.234658952:-0.7298953456
-956.1529249:14.47614094:78.65286354;0.1075925619:0.9803628089:0.1652652519;-0.7839299709:-0.04960399213:0.61886448;-0.6149095363:0.196141599:-0.7631987677
-980.8687409:13.22075452:98.93371606;0.08747839582:0.9871765376:0.1335290752;-0.7872045325:-0.03591398713:0.6156453602;-0.6125462166:0.1589703617:-0.7739681468
-1005.364786:12.34983022:119.3810878;0.07079179724:0.9923023133:0.1016102379;-0.7757385672:-0.0253046355:0.6305468665;-0.6282643243:0.1234605263:-0.7679758141
-1029.203547:11.7806824:140.3939727;0.05453532564:0.9959711328:0.07118567862;-0.7533402919:-0.01687993979:0.6574142319;-0.6559672072:0.08947933913:-0.7493846309
-1052.081459:11.44561695:162.2900959;0.03700390307:0.9983798733:0.0432242961;-0.7232636012:-0.01001290378:0.6904994605;-0.6898135646:0.05681373517:-0.721721306
-1073.910798:11.30493522:185.2080453;0.01743350592:0.9996829124:0.01816996344;-0.6896044501:-0.004123289151:0.7241744962;-0.7240197894:0.02515498801:-0.6893139017
-1094.645814:11.3266511:209.225288;-0.004040935605:0.9999848541:-0.003736626499;-0.6525649541:0.000802426744:0.7577323649;-0.7577238867:-0.005500339192:-0.6525518279
-1114.192812:11.48163305:234.3539444;-0.02722686382:0.9993793352:-0.02235268088;-0.6121863674:0.004822314489:0.7906988028;-0.7903158356:-0.03521225514:-0.6116751084
-1132.387605:11.73992129:260.5869935;-0.05200999806:0.9979523469:-0.03723000676;-0.5646843069:0.00785003582:0.8252696593;-0.8238720502:-0.06394547394:-0.563119749
-1148.831979:12.06538826:287.9061968;-0.07846377532:0.9957880383:-0.04743014678;-0.5050758144:0.009813832498:0.8630191831;-0.8598496508:-0.09167156329:-0.502178424
-1163.029761:12.42061999:316.2709787;-0.1066100737:0.9929557405:-0.05170289685;-0.4289817212:0.01077744151:0.9032488747;-0.8974433802:-0.1184750268:-0.4248108788
-1174.326964:12.76922464:345.562636;-0.1361870162:0.9895078843:-0.04824151252;-0.3306619931:0.01076083693:0.943687899;-0.9343057354:-0.1444696738:-0.325727163
-1182.070944:13.07773227:375.6102356;-0.1661307581:0.985446825:-0.03598786375;-0.2112429882:0.009918384521:0.9773832542;-0.9635161661:-0.1699756049:-0.2065209833
-1185.772238:13.32333864:406.1120531;-0.194846424:0.9807296519:-0.01429059138;-0.07385365139:0.008426131217:0.9972334925;-0.9781368703:-0.1953627923:-0.07078866428
-1185.083901:13.48955243:436.7214133;-0.1810189185:0.9833963124:0.01280015184;0.07002447432:0.006561734143:0.9975236923;-0.9808771293:-0.1814669839:0.07004960784
-1180.065866:13.5744684:467.0426273;-0.1644540893:0.9857688304:0.03485205286;0.2075241256:0.004670072488:0.9782187525;-0.9641347939:-0.1681047159:0.205338827
-1170.957094:13.58244024:496.6934405;-0.1465744323:0.9878843804:0.05099398718;0.3293847881:0.003005604262:0.9441909911;-0.9325982645:-0.1551909022:0.325834632
-1158.305777:13.52827102:525.3943473;-0.128749524:0.9897970497:0.06103573193;0.4293568264:0.001801149826:0.9031331416;-0.8938085845:-0.1424840702:0.4252080172
-1142.551687:13.4842372:553.551523;-0.1109140969:0.9918628943:0.06249849662;0.4960443454:0.006087818547:0.8682758467;-0.8608301148:-0.1273060572:0.492683205
-1123.391668:13.74205941:584.2111164;-0.09389857348:0.9941401831:0.05355701934;0.5151590796:0.01806720131:0.8569041364;-0.8509152095:-0.1080524608:0.5138368261
-1101.014931:14.484237:619.114858;-0.07939989664:0.995826253:0.04500811424;0.5275081512:0.02498565566:0.84918247;-0.8445136399:-0.09116714748:0.5272903241
-1078.323085:15.23694012:652.1468318;-0.06753007269:0.9967917873:0.04296303116;0.5734363839:0.01989564758:0.8190084718;-0.8155261411:-0.07994426686:0.5729402325
-1058.007203:15.52250136:677.3926429;-0.05730323884:0.9973144356:0.04560981689;0.6422095714:0.007977103619:0.7664875943;-0.7640653082:-0.07321328265:0.6409419901
-1039.20382:15.50423238:697.6016295;-0.0471018826:0.9979987228:0.04218959465;0.6765556622:0.003055093913:0.736385159;-0.734782555:-0.06322873646:0.6753455874
-1020.493803:15.45133585:716.9171377;-0.03718577315:0.9987635844:0.0329927369;0.6784625854:0.003755058805:0.7346253601;-0.7335931682:-0.04970194956:0.6777633585
-1001.789896:15.41559939:736.3948113;-0.02768701971:0.9993402849:0.02350369854;0.6701629046:0.004318032497:0.7422014793;-0.741610348:-0.03630065387:0.6698403415
-983.3926902:15.39432539:756.3151595;-0.01829957406:0.9997330321:0.01410638782;0.6482914116:0.004712155314:0.7613777257;-0.7611079908:-0.02307793815:0.648204569
-965.822282:15.38429036:776.9458527;-0.008619575862:0.9999486393:0.005331204709;0.6082476393:0.004904011739:0.7937321715;-0.7936652605:-0.01008432734:0.6082586697
-949.7069423:15.38238895:798.5221554;0.001805655926:0.9999961331:-0.002115040014;0.5447451944:0.004894549627:0.8385873339;-0.8385944433:0.002666358072:0.54473425
-935.8881296:15.38651428:821.1625456;0.001647756622:0.9999976836:-0.001384828072;0.4492548971:0.004661368277:0.8933914646;-0.8933958503:0.002094232495:0.4492461757
-925.2334374:15.39500753:844.8975462;0.001198234467:0.9999990802:-0.0006354323001;0.3193607641:0.004190572262:0.9476239452;-0.9476257364:0.001338407818:0.3193554491
-918.5018105:15.40700379:869.5226439;0.0005239367374:0.999999855:-0.0001243041126;0.1546588287:0.003470363557:0.987961843;-0.9879621312:0.0005368542332:0.154656988
-916.3157888:15.42126192:894.7212016;-7.574326455e-005:0.9999999971:-3.475480572e-006;-0.03053038644:0.002475112606:0.9995307746;-0.9995307803:-7.581383165e-005:-0.03053019888
-918.8609417:15.43424184:919.9631228;-0.0002546493424:0.9999999638:-8.652371785e-005;-0.2166260971:0.00123411523:0.9762538661;-0.9762539375:-0.0002673457003:-0.216625775
-926.115132:15.44069212:944.6539081;8.887681832e-005:0.9999999942:6.031002337e-005;-0.3870867456:-0.0002720151523:0.9220432622;-0.9220432733:0.0001052934822:-0.3870867192
-937.6623659:15.43081486:968.1549058;0.000767254925:0.9999993363:0.0008595454901;-0.5323524058:-0.002079584692:0.8465202841;-0.8465215097:0.001107077967:-0.5323504569
-952.9652639:15.39530895:989.8452445;0.001339101351:0.9999961206:0.002442468702;-0.653994831:-0.003991390627:0.7564884863;-0.7564953004:0.00261037666:-0.653986949
-971.3947598:15.33140683:1009.219326;0.001379895736:0.9999882578:0.004645443978;-0.7543627726:-0.00584612663:0.6564317407;-0.6564511906:0.004410157358:-0.7543458476
-992.3225879:15.24631978:1025.845171;0.0005372383393:0.9999794683:0.006385476944;-0.8366873297:-0.006737051629:0.5476394109;-0.5476711863:0.005636860541:-0.8366665317
-1015.215373:15.18064086:1039.470002;-0.0007024377837:0.9999814553:0.006049433758;-0.9019359702:-0.00571309682:0.4318319885;-0.4318585413:0.0051528668:-0.9019232571
-1039.585697:15.19353718:1049.93083;-0.0005636342796:0.9999982824:0.001765643889;-0.9499865104:-0.00158036144:0.3122869394;-0.3122891933:0.001501322252:-0.9499857695
-1065.03507:15.3850903:1057.244636;0.004095552382:0.9999624984:-0.007630745834;-0.9809859529:0.006820974092:0.1939588473;-0.1940036226:-0.006691285855:-0.9809771
-1091.201134:15.86210639:1061.502945;0.01586802932:0.9996677519:-0.02031234544;-0.9965062868:0.0190173498:0.08132380208;-0.08168306938:-0.01895093146:-0.9964769674
-1117.777121:16.71737552:1062.915501;0.0359527023:0.9987839234:-0.03373540392;-0.9991755298:0.03450516034:-0.02139286165;0.02020280078:-0.03447672127:-0.9992010096
-1144.478918:18.01595484:1061.716754;0.06163785101:0.9971535207:-0.04342385832;-0.9921355259:0.05053724539:-0.1145123795;0.1119919002:-0.0501406495:-0.9924264399
-1171.057463:19.72598566:1058.121746;0.0882290393:0.9950121208:-0.04654584958;-0.977869396:0.06449760578:-0.1990263882;0.1950315728:-0.06307566885:-0.9786824634
-1197.266775:21.76677972:1052.307681;0.1103395595:0.993020685:-0.04165454191;-0.9572948235:0.07385547441:-0.2795210005;0.2744937195:-0.07071790141:-0.9587627419
-1222.838169:23.95924606:1044.319808;0.1216977888:0.9921491582:-0.02880444686;-0.929658159:0.0759639868:-0.3605068379;0.3554884551:-0.07065117405:-0.931604209
-1247.484718:26.10283631:1034.149272;0.1201142424:0.9926960667:-0.01127332757;-0.8927246718:0.0710969126:-0.4449583008;0.4409068562:-0.06350980684:-0.8947440221
-1270.86925:28.00957519:1021.702743;0.1035934097:0.9945991497:0.006398198014;-0.8427856269:0.05931724873:-0.5349708881;0.5324611139:-0.05002714905:-0.8443787439
-1292.647226:29.52242097:1006.884803;0.07629819224:0.9969228602:0.01798323547;-0.777832679:0.04348951105:-0.6269649001;0.6258177235:-0.03384834025:-0.7787573501
-1312.49489:30.59549321:989.6761409;0.04538561501:0.998771374:0.01989694723;-0.6969970499:0.02675337014:-0.7165747481;0.7162266561:-0.01865407212:-0.6973549194
-1330.112926:31.23196116:970.1168612;0.01835569532:0.9997528293:0.01254387521;-0.6031514079:0.01172625061:-0.7975405157;0.7974904797:-0.007073554723:-0.60321757
-1345.278991:31.52003135:948.4086273;0.001372249916:0.9999981225:0.001368169252;-0.5008588897:0.001003198229:-0.865528374;0.8655281216:-0.000502461506:-0.5008593259
-1357.791133:31.56793902:924.824664;-0.006187719631:0.9999409224:-0.008936652878;-0.3928387644:-0.00554762352:-0.9195906312;0.9195858813:0.002179505328:-0.3928498836
-1367.451986:31.47899673:899.762885;-0.006694603943:0.999869055:-0.01473278813;-0.2804740135:-0.008174017092:-0.9598268142;0.9598215557:0.002293496158:-0.2804920086
-1374.048527:31.34605934:873.6735589;-0.003832126887:0.9998733497:-0.01544666494;-0.1613385224:-0.007983968463:-0.9868668286;0.9868651673:0.001289656811:-0.1613486844
-1377.300505:31.22507352:847.0916851;-0.0005700205046:0.9999282811:-0.01196276662;-0.03154864876:-0.00598904936:-0.999484274;0.9994842377:0.0001923174081:-0.0315498
-1376.922875:31.16072157:820.5878156;0.0007693933541:0.999989092:-0.004606939475;0.1100879527:-0.002338937213:-0.9939190973;0.993919031:-0.000257546213:0.1100885514
-1372.678615:31.18953655:794.789983;0.01608760112:0.9998189605:0.01016048086;0.2636839272:0.002829739817:-0.9646049861;0.9644591059:-0.01819733575:0.2635906662
-1364.406459:31.34702579:770.3256393;0.02298272193:0.9992591333:0.03087035683;0.4205571732:0.009620116319:-0.9072150338;0.9068398848:-0.03383302086:0.4200244999
-1352.200113:31.67274297:747.7624338;0.01954243321:0.9983780112:0.05347373333;0.569902535:0.01801874147:-0.8215147142;0.8211457558:-0.04652921261:0.5686260294
-1336.28655:32.2027214:727.5962725;0.007894347712:0.9973033517:0.07296371656;0.6992524973:0.02722617223:-0.7143561301;0.7144162856:-0.0566594367:0.6971519264
-1317.170832:32.95486641:710.0958895;-0.00761764596:0.996157911:0.08724326772;0.8007828709:0.03654805691:-0.5978386348;0.5987302575:-0.06530879133:0.797984602
-1295.560924:33.93491733:695.2889719;-0.02138368613:0.9949375962:0.09819326721;0.8655540776:0.04517937522:-0.4987734584;0.5006847762:-0.07432596774:0.8621383949
-1272.69831:35.11807756:682.4661905;-0.03060058185:0.9934560317:0.1100396175;0.8943435222:0.05303668812:-0.4442260392;0.447155175:-0.08481964384:0.8901139201
-1249.685641:36.46847106:670.9341015;-0.03744705408:0.9917914412:0.1222597864;0.9123908044:0.05990594982:-0.4049127033;0.4089130422:-0.09638591693:0.9071446921
-1226.536695:37.9364401:660.7998206;-0.04285208064:0.9901815181:0.1330573576;0.9349067503:0.06458976163:-0.348966375;0.354134198:-0.1094422865:0.928495191
-1202.946671:39.47273004:652.2237397;-0.04497130538:0.98843786:0.1448039317;0.954608937:0.066449067:-0.29035547;0.2966204256:-0.1251734628:0.9465599161
-1178.425295:41.04348024:644.7787969;-0.042308879:0.9861999895:0.1600610489;0.9668043479:0.06523216749:-0.2470508391;0.2540826641:-0.1442952739:0.9562223377
-1152.54845:42.69963151:637.8911648;-0.04828122482:0.9837790936:0.1727646328;0.9719160521:0.070926691:-0.2243849195;0.2329988164:-0.1570791411:0.9595751203
-1125.342109:44.81593642:630.9874067;-0.07312971922:0.9814915964:0.1769923454;0.9703973052:0.09171517997:-0.2234220129;0.2355197129:-0.1554141059:0.9591439056
-1096.919878:47.669504:623.9839375;-0.09540340209:0.9791140746:0.1795377948;0.974803145:0.1090035674:-0.1946202735;0.2101257091:-0.1564465708:0.9648427904
-1067.295813:50.82305752:618.7561851;-0.09787508361:0.9775278027:0.1867079618;0.989967807:0.1067012645:-0.09262063057;0.1104612171:-0.1757696196:0.9781644503
-1036.577873:53.84498999:617.0354427;-0.1024360978:0.9794427599:0.1737778064;0.9945322803:0.1025998134:0.01946334088;-0.001233657797:-0.1748213868:0.984597366
-1005.349166:57.04075937:618.0174505;-0.1171328395:0.9817644972:0.1497276528;0.9899204586:0.115210034:0.08236585242;-0.06361374172:-0.1578662129:0.9853636397
-974.1984736:60.82267731:620.4927491;-0.1345612992:0.9838921919:0.1176835229;0.9831354911:0.1368177351:0.1213487271;-0.1032928721:-0.1320276904:0.9857097054
-943.2621273:65.2934055:624.1666353;-0.1487188864:0.9852655565:0.08446582775;0.9745282699:0.1590683264:0.1580883259;-0.1423231446:-0.1058250568:0.9838256025
-912.5518317:70.44829128:628.9397402;-0.1583321385:0.9859078571:0.05400584356;0.9654451377:0.1790635682:0.1893460446;-0.177007274:-0.08211924324:0.9801914646
-882.0332427:76.16307467:634.5792753;-0.1634700415:0.9860912057:0.03002797905;0.9577934953:0.1940550573:0.2120713442;-0.2032946063:-0.06342791445:0.9761939309
-851.655882:82.27117342:640.8260713;-0.1650612244:0.98618697:0.01378594796;0.9524873628:0.2029857724:0.2270784004;-0.2211434084:-0.05061278004:0.9728357064
-821.3507841:88.55632361:647.448854;-0.1635284346:0.9865173625:0.006476462792;0.9501492441:0.2047611536:0.2351367345;-0.2306403431:-0.04460514833:0.9708229972
-791.0521402:94.80125725:654.2703344;-0.1592148758:0.9872226895:0.006479551448;0.9496891816:0.2004433625:0.240651027;-0.236277371:-0.04446878329:0.9694682731
-760.7252551:100.8343719:661.3012666;-0.1521221665:0.9882852024:0.01229655502;0.949757604:0.191029993:0.2479274804;-0.2426740493:-0.04939401207:0.9676912822
-730.3618015:106.5134449:668.6476266;-0.1427769709:0.9895185011:0.0216303633;0.948601042:0.1782655372:0.2614908439;-0.2548940795:-0.05785345577:0.9641104946
-700.0278102:111.7681074:676.6082328;-0.1321322192:0.9907018706:0.03241728273;0.9441933723:0.1638353018:0.2857566614;-0.2777885637:-0.06836584531:0.9570620622
-669.8397922:116.5552036:685.550859;-0.1215205342:0.9916317237:0.04358077965;0.934656031:0.1488033218:0.3229174432;-0.313730216:-0.07997413874:0.9449172302
-640.0418211:120.8685756:695.9262583;-0.1123826004:0.9921802879:0.05429942379;0.9172610912:0.1340389913:0.375054182;-0.3648431263:-0.09195631298:0.9251520239
-610.9522878:124.7127467:708.1923671;-0.10614692:0.9922632665:0.06439286649;0.8891797997:0.1197613564:0.4416067269;-0.4304783564:-0.1041320301:0.8950127517
-583.0592903:128.0979681:722.7528765;-0.09930770513:0.992906358:0.06538305522;0.8463366792:0.1060031304:0.5219938331;-0.5113601872:-0.1071740875:0.8508599974
-556.91726:131.0370361:739.9498191;-0.09606391191:0.9932142539:0.06555280898;0.7853522279:0.09267145448:0.6120734267;-0.6018451777:-0.1102802123:0.7889254094
-533.1762544:133.5472011:759.9328381;-0.09667562931:0.9932696124:0.06379106311;0.7024442111:0.07969110574:0.7072633582;-0.6974196214:-0.1131847933:0.7054206771
-512.4765691:135.6501157:782.7382223;-0.1001953719:0.9932371047:0.0586595366;0.5978746153:0.06710052058:0.7987762293;-0.7894381039:-0.1151047292:0.6005544136
-495.3238259:137.3805876:808.1412314;-0.1043560963:0.9933235261:0.04917496939;0.474776359:0.05525702885:0.8783701211;-0.8697884433:-0.1150103899:0.4773729349
-482.102208:138.7792815:835.8113605;-0.1061943421:0.9936901103:0.03609330123;0.3420796349:0.04447078753:0.9386180653;-0.9310903913:-0.1120227112:0.3446436962
-472.8448175:139.8971345:865.2560747;-0.1035225529:0.9943887286:0.0217746996;0.21146248:0.03530164492:0.976748388;-0.9704989049:-0.1057200186:0.213930423
-467.4183093:140.7869147:895.9528002;-0.09613247043:0.9953286517:0.008911971255;0.09226891769:0.02785046115:0.9953445628;-0.9904467591:-0.0965072297:0.09451523107
-465.3746293:141.4984426:927.420838;-0.08560655741:0.996328864:-0.0005585918538;-0.007403896892:0.02218750633:0.999726411;-0.9960686732:-0.08558727216:-0.005477320145
-466.183622:142.0778877:959.2256088;-0.07227587447:0.9973639326:-0.006433036922;-0.08828750641:0.01802413537:0.9959319489;-0.993422555:-0.07254980931:-0.08675206444
-469.3014357:142.5597641:991.0751397;-0.05835449465:0.9982545533:-0.009088438647;-0.1513823034:0.01504177016:0.9883608366;-0.9867724117:-0.05905112593:-0.1502403187
-474.2492853:142.9737183:1022.728543;-0.04423869353:0.9989758784:-0.009493807631;-0.2041586335:0.01298529207:0.9788516918;-0.9779725085:-0.0452413628:-0.2033750979
-480.8223502:143.3415828:1054.006668;-0.03022216066:0.9995087059:-0.008304681899;-0.2534326992:0.01159645735:0.9672835102;-0.9669045945:-0.0313380756:-0.2529577192
-488.946312:143.6839726:1084.739527;-0.01653466415:0.9998461989:-0.005846667574;-0.3052902983:0.01089852846:0.9521969627;-0.9521142338:-0.01752918787:-0.3050631408
-498.7948973:144.0244447:1114.732052;-0.003437257438:0.9999917591:-0.00216031897;-0.3653497476:0.01091324745:0.9308063509;-0.9308222564:-0.003988693044:-0.3653092252
-510.5820211:144.3898376:1143.799657;-0.004122686511:0.9999862087:-0.00325360207;-0.4307636252:0.01188634034:0.9023865104;-0.9024127387:-0.005121790117:-0.4307086807
-524.4343043:144.8171705:1171.824767;-0.005143448824:0.9999737012:-0.005112917766;-0.4981956626:0.0140592428:0.8669506442;-0.8669997281:-0.007006349725:-0.4981102476
-540.3617795:145.3470478:1198.767137;-0.006465120326:0.9999476241:-0.00793418643;-0.5573814241:0.01755625867:0.8300709162;-0.8301667351:-0.009788876483:-0.5572387274
-557.9954192:146.0242314:1224.828836;-0.008108719757:0.9998984944:-0.01171535467;-0.5998571387:0.02251657571:0.7997902331;-0.7999728396:-0.013512814:-0.5996136692
-576.7935406:146.8892527:1250.327672;-0.01006051716:0.9998243828:-0.01581105905;-0.6202029977:0.02850883137:0.7839231392;-0.7842362236:-0.01769273841:-0.6198072658
-595.9029008:147.9615632:1275.802087;-0.01250505087:0.9997396617:-0.01908487444;-0.6130236829:0.03514944239:0.7892822568;-0.7897475991:-0.02156949479:-0.6124245439
-614.3849723:149.2433362:1301.823986;-0.0151363428:0.9996822468:-0.02015679891;-0.5785544252:0.04139818779:0.814592516;-0.8151681316:-0.02399175677:-0.5777439705
-631.2716486:150.6887108:1328.878506;-0.01699899351:0.9996944914:-0.01794318899;-0.5146203286:0.04608927303:0.8561785423;-0.8567439609:-0.0237881033:-0.5136796365
-645.6129856:152.2319663:1357.320225;-0.01676364253:0.9997756484:-0.01294732421;-0.4234166755:0.04850334494:0.9046356971;-0.9050607291:-0.02064710242:-0.4225085885
-656.561268:153.775976:1387.068258;-0.01341867042:0.9998867904:-0.006807768523;-0.3065515429:0.0478950543:0.9506483132;-0.9508667491:-0.01484336835:-0.3058741504
-663.3250243:155.224782:1417.810024;-0.007532731204:0.9999697352:-0.001945950267;-0.1656712773:0.04514062671:0.9851473756;-0.9852054017:-0.007743238443:-0.1653262311
-665.235532:156.5185084:1448.741612;-0.001687720219:0.9999985752:-3.540165619e-005;-0.0004425039366:0.04108086939:0.9991557268;-0.9991557575:-0.001686310988:-0.0003731702922
-661.7344035:157.6240702:1478.899104;0.006767797747:0.9999751739:-0.001961783052;0.1857228313:0.03703917643:0.981903829;-0.9819521149:0.007009674424:0.1854675468
-652.5818422:158.5794658:1507.169897;0.01130086058:0.9999069609:-0.007639379514;0.3854012208:0.03455960509:0.9221016933;-0.9222799157:0.01336476886:0.3849748101
-637.7479466:159.4425968:1532.48714;0.01225863893:0.99979355:-0.01620441881;0.5768595007:0.03351061514:0.8161557174;-0.8165302421:0.0193526312:0.5763296136
-617.7238027:160.2798944:1554.115684;0.008820249436:0.9996232229:-0.02599260327;0.7368737061:0.03405771511:0.6751719879;-0.6758028472:0.02510845125:0.7362956715
-593.2109637:161.1435625:1571.530927;0.001253114064:0.9994269439:-0.03382622378;0.8529346366:0.03458376458:0.5208708755;-0.5217422255:0.0295042685:0.8524025198
-565.2318635:162.0203653:1584.718731;-0.007750197645:0.9992843934:-0.03702209669;0.9259186924:0.03386998018:0.3762012754;-0.3771860009:0.03136381711:0.9255185978
-534.8591044:162.8717843:1593.850629;-0.0152992004:0.9992574472:-0.03536224884;0.9681202053:0.03143408819:0.2485058676;-0.2494329189:0.03043296654:0.9678822413
-503.0450813:163.6236101:1599.330363;-0.01896245183:0.9993881186:-0.02939071003;0.9896515816:0.02668909542:0.1409873723;-0.1416855162:0.02641309641:0.9895521229
-470.6432479:164.2030918:1601.578963;-0.01864611687:0.9995963587:-0.02143459809;0.9987197598:0.0205717909:0.0462130155;-0.04663531009:0.02054546337:0.9987002193
-438.231499:164.5790021:1600.854408;-0.01500897408:0.9998000084:-0.013216428;0.9990089822:0.01385191512:-0.04229867554;0.04210714332:0.01383819:0.9990170918
-406.2920526:164.7414762:1597.314156;-0.009263524641:0.9999380782:-0.006166590831;0.9912655568:0.007397094651:-0.1316733792;0.1316196109:0.007332488687:0.9912726991
-375.1999763:164.7245742:1590.87662;-0.003051636033:0.9999943105:-0.001437500845;0.9736380565:0.002152389095:-0.228088365;0.2280839732:0.002095648202:0.9736390853
-345.2980921:164.5724116:1581.406555;0.003035269591:0.9999950132:0.0008721825783;0.9437295473:-0.00193583619:-0.330712555;0.3307092174:-0.001826906231:0.9437307169
-316.9073882:164.3253997:1568.793118;0.008232783177:0.9999657251:0.0008774648663;0.8992075213:-0.004882980927:-0.4374951316;0.4374758519:-0.004390825567:0.8992169015
-290.3053806:164.0200144:1552.997099;0.01202604351:0.9999273352:-0.0008358584279;0.8419501387:-0.00687022011:-0.5395115977;0.5394781367:-0.005784438827:0.8419715801
-265.6175307:163.6806946:1534.241401;0.01425675211:0.999892537:-0.003414609449;0.7773356461:-0.008122029095:-0.6290336445;0.6289937802:-0.006313679098:0.777367905
-242.8732464:163.3292623:1512.864843;0.01466935455:0.9998752479:-0.005856505531;0.7130991178:-0.008563875934:-0.7010109188;0.7009736206:-0.006107108781:0.7131357837
-221.8697765:162.9891106:1489.40778;0.01346128915:0.9998831405:-0.007245615556;0.6578500363:-0.008164470035:-0.753104688;0.7530758372:-0.00537123151:0.6578830646
-202.3203963:162.6811531:1464.450809;0.01143996498:0.9999068447:-0.007445077694;0.6151198245:-0.007217245005:-0.7884006043;0.7883808935:-0.004439660418:0.6151450879
-183.8346472:162.4148139:1438.533957;0.009213468979:0.999935103:-0.006700874452;0.5875010041:-0.005989199353:-0.8092012727;0.8091888908:-0.003518780355:0.5875180583
-166.013852:162.1917747:1412.142368;0.007474589181:0.9999555191:-0.005752427978;0.5727827859:-0.004944108868:-0.8196922812;0.8196842612:-0.002831971334:0.5727942632
-148.5301917:161.9942379:1385.582234;0.006831972802:0.9999623652:-0.005347184745;0.5683181862:-0.004543869901:-0.822796325;0.8227896561:-0.002582419778:0.5683278413
-131.1037736:161.8009821:1359.080894;0.007047448718:0.9999602417:-0.0054633818;0.5708555696:-0.004672557388:-0.8210372012;0.8210300861:-0.002667415641:0.570865803
-113.5755513:161.5965707:1332.72924;0.007922286907:0.9999506161:-0.006000227462;0.5769896179:-0.005213710541:-0.8167348395;0.8167257894:-0.003008338775:0.5770024284
-95.83788724:161.3718328:1306.570781;0.008778485394:0.9999406445:-0.006453344505;0.5847431199:-0.00572463039:-0.8111983188;0.8111871127:-0.003347543793:0.5847586657
