4.193593026:13.41702863:47.70213177;0.004302713767:0.9919937739:-0.1262134665;0.002315895977:-0.06330194886:-0.9979917334;0.9979911444:-0.004001775512:0.002569724558
4.119452346:12.23538074:27.81545057;0.008696948527:0.9929874863:-0.1178991734;0.03821264188:-0.05925052704:-0.9975114882;0.9975020134:-0.004170067176:0.03845997399
4.731428774:11.13034619:7.933721027;0.01279734135:0.9939137252:-0.1094154239;0.07111473383:-0.05522073835:-0.9959384342;0.9959188797:-0.004964315356:0.07138858865
5.970400124:10.10153739:-11.92411045;0.01609180641:0.9947678487:-0.10088598;0.1010311595:-0.05123009059:-0.9935633763;0.9935333002:-0.005795601974:0.1013269338
7.77733517:9.148629673:-31.74071959;0.01843841215:0.9955526445:-0.0923848304;0.1279890545:-0.04726651882:-0.9906486149;0.9906095577:-0.006441740359:0.1282913613
10.09373383:8.271665854:-51.50825497;0.01984560253:0.9962731351:-0.08394040977;0.1519966459:-0.04330376883:-0.9874319233;0.987386834:-0.006837520737:0.1522895643
12.86128829:7.470821756:-71.22229392;0.0203928941:0.9969275238:-0.07562831575;0.1730798695:-0.03935139641:-0.9841213474;0.9840737378:-0.006979343394:0.1733505746
16.02157382:6.74646881:-90.87920092;0.02015047304:0.9975216515:-0.06741300415;0.1912291815:-0.03537113885:-0.9809078869;0.9808613301:-0.006874424327:0.1914679942
19.51514596:6.100679341:-110.4821503;0.019143638:0.9980670629:-0.05912409906;0.2063580959:-0.03126066682:-0.9779770483;0.9779349389:-0.006521302086:0.2065576615
23.28203522:5.536401451:-130.0378228;0.01746702699:0.9985577153:-0.0507680241;0.2184862375:-0.02702033563:-0.975465871;0.9754307405:-0.005946374128:0.218643083
27.26172031:5.056751699:-149.5532782;0.01518688761:0.9989908145:-0.04226950537;0.2274968869:-0.02261336344:-0.9735162054;0.9734896026:-0.005168500311:0.227610727
31.38624827:4.66703528:-169.040328;0.01228337209:0.999368456:-0.03334378426;0.2328748875:-0.01789413432:-0.9723420626;0.972324644:-0.004178709343:0.2329476171
35.58231017:4.374134705:-188.5142085;0.008879165474:0.9996743655:-0.02392327915;0.2345814786:-0.01285021662:-0.9720115235;0.9720024224:-0.003018692963:0.23461919
39.77603274:4.185046215:-207.990281;0.005108259993:0.99989025:-0.01390660676;0.2324893583:-0.007459094194:-0.9725703369;0.9725673279:-0.00173500406:0.2325019456
43.88328192:4.108580876:-227.4850471;0.001053776643:0.999995054:-0.002963367176;0.2258041552:-0.001582832457:-0.9741714316;0.9741713038:-0.0003574184789:0.2258047064
47.80966286:4.155364582:-247.016149;-0.003040711513:0.9999544142:0.00905117089;0.2143695487:0.004802199085:-0.9767408231;0.976739763:0.001029691647:0.2143743786
51.46016932:4.336120461:-266.6011477;-0.006865708163:0.9997288935:0.02224863013;0.1980957313:0.01170105422:-0.9801128336;0.9801074511:0.002321810026:0.1981223623
54.73230938:4.662401748:-286.2516945;-0.01006660995:0.9992691929:0.03687469874;0.1763548166:0.01919178017:-0.9841395502;0.9841280252:0.003403918257:0.1764191315
57.51320415:5.146913522:-305.9712403;-0.01216773796:0.9985186826:0.05303193998;0.1489102175:0.02729380643:-0.988473973;0.9884571728:0.004130494563:0.1490217381
59.68920648:5.802439816:-325.7625318;-0.0126291233:0.9974191039:0.07067981553;0.1157047263:0.03598916465:-0.9926314504;0.9926132793:0.004358076266:0.115860616
61.14628527:6.641052205:-345.6162037;-0.01094725448:0.9959175547:0.0896012384;0.07676678087:0.04522488088:-0.996022877;0.9960088734:0.004025317269:0.07694847296
61.76966379:7.67343856:-365.4993672;-0.02702516118:0.993691714:0.1088412522;0.03202091146:0.05497214022:-0.9979743108;0.99766204:0.0234852205:0.03330454534
61.44449042:8.910124842:-385.3764144;-0.03318245313:0.990887665:0.1305394965;-0.01853869549:0.06518403304:-0.9977010367;0.9971187415:0.03552619987:-0.01620679857
60.0637313:10.35951095:-405.1998728;-0.04069292933:0.9872715791:0.1537495189;-0.0739012433:0.07563349417:-0.9943933733;0.9933649292:0.05182705986:-0.06988284874
57.54195109:12.02412301:-424.8894907;-0.04275032269:0.9831419582:0.1777759824;-0.1335138747:0.08617854318:-0.987292917;0.9859695669:0.06594265103:-0.1275789317
53.79741309:13.90548129:-444.3594034;-0.03927787917:0.9786490119:0.2017507367;-0.197288886:0.09675055775:-0.9755595446;0.9742498806:0.07812108801:-0.1892764166
48.75932813:16.00304178:-463.5186378;-0.03074934959:0.9740340599:0.2243036507;-0.2635884005:0.1070668833:-0.9586750428;0.9577976368:0.08860247454:-0.2534518429
42.40069714:18.3080033:-482.255788;-0.01797682368:0.9695393661:0.2442749504;-0.3309436746:0.1168912082:-0.9363827902;0.9364135709:0.09767443799:-0.3187615878
34.70546858:20.8095004:-500.4543399;-0.001459688669:0.9653591167:0.2609207642;-0.3992172619:0.1261645087:-0.9081344034;0.9095947655:0.1054896665:-0.3852038624
25.66453724:23.49598161:-517.9981069;0.01764000361:0.9616753444:0.2736226641;-0.4671287425:0.1347552857:-0.8738602582;0.877241965:0.1124021129:-0.451603278
15.30936181:26.35188933:-534.7728138;0.03780919674:0.958602359:0.2822268272;-0.5329789694:0.1425488882:-0.8340343114;0.8397383788:0.1188867962:-0.5163045563
3.686083423:29.36021592:-550.6648777;0.05821880788:0.9562237139:0.286786993;-0.5966523992:0.1495141598:-0.7884487495;0.7968121078:0.1252096012:-0.5792377092
-9.156696286:32.50420379:-565.5614034;0.07802800126:0.9545430175:0.2876790898;-0.65757018:0.1556837958:-0.7371322908;0.7484114539:0.1316522315:-0.6398267192
-23.14913617:35.76928928:-579.3554743;0.09657772499:0.9534470352:0.2856772551;-0.7146972111:0.1612288218:-0.6805976517;0.6949732204:0.1384421647:-0.6969970498
-38.21045901:39.14203835:-591.9432523;0.1133940098:0.9529100958:0.2812545961;-0.7678518973:0.1661248812:-0.6187131708;0.6363014132:0.1458035079:-0.7505313914
-54.25860424:42.60928351:-603.2208344;0.1281987558:0.9528485498:0.2750358525;-0.8166493862:0.1704161321:-0.5514001469;0.5722713765:0.1539190473:-0.7999903194
-71.19531557:46.16134918:-613.0830946;0.1412723222:0.953073991:0.2677538023;-0.8604105733:0.1744250415:-0.4788210003;0.5030548098:0.1627340479:-0.8446763696
-88.9106647:49.79107632:-621.4240251;0.1525057802:0.9535212912:0.2598829241;-0.8987158772:0.1781076726:-0.4007336135;0.4283951754:0.1724467177:-0.8841071732
-107.2933847:53.49138283:-628.1378859;0.16185391:0.9540798063:0.2520615698;-0.9308772373:0.1814029371:-0.3171128245;0.3482756513:0.1833124272:-0.9174919489
-126.2073452:57.2556776:-633.1255379;0.1698087424:0.9545313364:0.2450202416;-0.9558293617:0.1845359164:-0.2287722161;0.263585284:0.1953500189:-0.9437048899
-145.4915529:61.07786057:-636.2944428;0.1767277163:0.9547405687:0.2392441448;-0.9728725276:0.1874410455:-0.1355909269;0.1742983313:0.208791381:-0.9619668982
-164.9834929:64.95181225:-637.5530427;0.1850216704:0.9597878718:0.2111260823;-0.9810653439:0.1899566703:-0.03777902107;0.07636465385:0.200138545:-0.9767607189
-184.5007098:68.86956718:-636.8411633;0.1887290115:0.96431321:0.1856916615;-0.9794362274:0.1920985017:0.06166718841;-0.02379539445:0.1935115279:-0.9807378528
-203.8330785:72.82059844:-634.1421784;0.1889387166:0.9682370979:0.1637653311;-0.9675499116:0.1938392492:0.1620910673;-0.1251984358:0.1890764099:-0.9734414574
-222.7685015:76.79418829:-629.4429885;0.1868831249:0.9714768837:0.1459704153;-0.9448049681:0.1950521491:0.2632455725;-0.2272651452:0.1871097288:-0.9543081412
-241.1027837:80.77935689:-622.7691306;0.1841183009:0.973886052:0.1328397871;-0.911897739:0.1956763376:0.3607676324;-0.3253529622:0.187560225:-0.9241120836
-258.6470781:84.76461545:-614.2211787;0.1820944282:0.9754594853:0.1237756512;-0.8696962773:0.1958097687:0.453085996;-0.4177305508:0.1901516584:-0.8840093508
-275.2143304:88.73841927:-603.9083481;0.1819276954:0.976224928:0.1178439797;-0.8184009248:0.1955017244:0.54036932;-0.5044832993:0.194751767:-0.8345105621
-290.6385619:92.69106941:-591.9545056;0.1843085915:0.9762348183:0.1139996604;-0.7598934468:0.19478574:0.6201777689;-0.5832336233:0.2009316859:-0.7777351264
-304.8120217:96.61796651:-578.5239957;0.1893569762:0.9756204761:0.1109442299;-0.696082791:0.1938388687:0.6912996752;-0.6529408143:0.2081287853:-0.7158173661
-317.6369295:100.5153844:-563.7880945;0.1969316956:0.9745000168:0.1075528921;-0.6275555837:0.1928238761:0.7543162083;-0.7143423921:0.2160441879:-0.6495260597
-329.0242281:104.3808262:-547.9154395;0.2066436575:0.9729825804:0.1029723121;-0.5552317392:0.1918180223:0.8092734779;-0.7676570515:0.2244047274:-0.5798687881
-338.9197499:108.2167116:-531.0641133;0.2178837181:0.9711869796:0.09655328132;-0.4801981347:0.190909389:0.8561327915;-0.8130320919:0.2329021014:-0.5079582235
-347.2780502:112.0266896:-513.3895602;0.2300518831:0.969210097:0.08779475423;-0.4027717019:0.190201575:0.8953202315;-0.851054708:0.2413313478:-0.4341266308
-354.0524543:115.814208:-495.0455898;0.242583229:0.9671264608:0.07628752077;-0.3227720567:0.1896895007:0.9272734725;-0.8823197699:0.2495644731:-0.3581768884
-359.1891053:119.5815421:-476.1764677;0.2547699981:0.9650379544:0.06159541098;-0.2397456318:0.1892686065:0.9522076594;-0.9072584542:0.2573611743:-0.2795835966
-362.6315467:123.3305422:-456.9230045;0.2652217334:0.9632137692:0.04332051493;-0.1536579371:0.1888948018:0.9699010219;-0.9260389989:0.2638953712:-0.1981044475
-364.3223264:127.0622352:-437.4287003;0.2714190193:0.9622268444:0.02124184144;-0.06437403968:0.1884351961:0.9799735506;-0.9389541467:0.2673508832:-0.1130873252
-364.1953603:130.7704857:-417.8605023;0.3373402207:0.9413804452:-0.002105448475;0.02862189574:0.1876212808:0.9818243438;-0.9246652648:0.3312691027:-0.03634811133
-362.180119:134.4454701:-398.3974304;0.3368271241:0.940842222:-0.03692427117;0.1254161498:0.1862561812:0.9744636598;-0.9236939287:0.332856692:0.05526067517
-358.2093288:138.0768117:-379.2210866;0.3372164472:0.9383735412:-0.07576387558;0.2250279155:0.184116879:0.9567985222;-0.9117838258:0.3396971854:0.1490730021
-352.2604064:141.6470369:-360.5467699;0.3249389041:0.9386255805:-0.1157442359;0.3248786402:0.1810448403:0.9282653904;-0.8922485376:0.3392323687:0.2461108903
-344.3429768:145.1335577:-342.6140643;0.3068851152:0.9387237871:-0.1569049953;0.4246803657:0.1768540511:0.8879015889;-0.8612436262:0.3391182522:0.3443836854
-334.4708352:148.5138785:-325.6618892;0.2812639368:0.9390913212:-0.1974793362;0.5228528708:0.171395424:0.8350140622;-0.8180015135:0.3381119803:0.4427992415
-322.737346:151.7702301:-309.9015474;0.2484500078:0.940163551:-0.2331632283;0.6133186776:0.1651531352:0.7723759717;-0.7646673744:0.334900179:0.5355875681
-309.3154421:154.88957:-295.5167249;0.2094250151:0.941990341:-0.2622886969;0.6955098503:0.1583008565:0.7008615319;-0.7017253188:0.3292023093:0.6220114018
-294.3820058:157.859343:-282.6884963;0.1654241064:0.9445443084:-0.2836739582;0.7692802359:0.1509229316:0.6208302404;-0.6292145754:0.3209250572:0.7016529772
-278.1361051:160.679774:-271.5340297;0.1200177838:0.9476956945:-0.2957509125;0.8311317951:0.1439517862:0.537119933;-0.55160012:0.3102719309:0.7703832494
-260.8075921:163.3688212:-262.0818193;0.07547850999:0.9511562742:-0.2993405028;0.8812551915:0.1378774517:0.4520830629;-0.4712739474:0.2979179281:0.8278046199
-242.6284177:165.9458092:-254.3536369;0.03279271437:0.9546567666:-0.2958971034;0.9209462088:0.1329078814:0.3663244129;-0.3890411367:0.2845180874:0.8748291198
-223.8100901:168.4373744:-248.3482241;-0.007169635255:0.9578794178:-0.2870812033;0.9507442487:0.1296067143:0.2815803138;-0.3069276385:0.2709219748:0.9116275803
-204.5244153:170.8843542:-244.0195945;-0.04434329106:0.960575956:-0.2744585674;0.9715465565:0.1283239404:0.199073491;-0.2264448138:0.2578217023:0.9389345682
-184.9386232:173.3292194:-241.3166315;-0.07936581359:0.962569368:-0.2591549334;0.9844445908:0.1292050034:0.1190584512;-0.1480861322:0.2456745015:0.9578506677
-165.2095939:175.8157915:-240.1946895;-0.1134791562:0.9636822017:-0.2417417945;0.9903691494:0.1323732273:0.04057433365;-0.07110090469:0.2348092742:0.9694227246
-145.4656124:178.3916244:-240.627;-0.1476872517:0.9637567333:-0.2221743341;0.9897604177:0.1378876104:-0.03689610391;0.004923780546:0.2253484459:0.9742525091
-125.8300671:181.1049108:-242.5898559;-0.1826398373:0.9626209058:-0.2000092039;0.9828087764:0.1457704489:-0.1133043924;0.07991374536:0.2172646968:0.9726957655
-106.4298346:184.0022721:-246.0659702;-0.2188849099:0.9601078736:-0.1740180084;0.9694002885:0.1558374337:-0.1896780822;0.1549929003:0.2102107775:0.9648393123
-87.40574322:187.1240435:-251.0637359;-0.2564079003:0.9560162611:-0.1424355894;0.948955679:0.1678443993:-0.2670419009;0.2313893837:0.2036367145:0.9502536903
-68.90210943:190.5089886:-257.5979662;-0.2943865342:0.9500548622:-0.1035969464;0.9207814777:0.1816676842:-0.3451931674;0.3091322297:0.1970103696:0.9282734399
-51.0695309:194.1929544:-265.6801719;-0.3307773495:0.942059753:-0.05576528434;0.8841846629:0.1968554785:-0.4236335709;0.3881104355:0.1894351989:0.8980701185
-34.09528536:198.1947559:-275.3025784;-0.3625011422:0.9319798708:0.002538192479;0.8382934599:0.2128078597:-0.5019729971;0.4683688763:0.1798380346:0.8584157227
-18.17992717:202.5270429:-286.4504312;-0.4061793265:0.9128106847:0.04236754165;0.7819417929:0.2292623562:-0.5796600767;0.5388331939:0.2023169881:0.8068864528
-3.523690601:207.1996595:-299.1006359;-0.4424295853:0.8915665921:0.096773312;0.7149348896:0.2455411115:-0.6546584347;0.6074334162:0.2204536426:0.7460467152
9.67613523:212.1981014:-313.1575975;-0.4662660299:0.8695876744:0.1625215861;0.6386596113:0.2607028275:-0.723980619;0.6719344598:0.2337715959:0.6769273985
21.22377766:217.4953275:-328.4883904;-0.4743381574:0.8477708943:0.2372505494;0.5524704968:0.2745173005:-0.787030242;0.7323507125:0.2422445459:0.5985824377
30.92808167:223.0628985:-344.9559605;-0.4640504584:0.8275056243:0.316056346;0.4569723315:0.2864205699:-0.8421042366;0.7873710308:0.2463498517:0.5110607712
38.66041136:228.8547987:-362.3713865;-0.4367461036:0.8106710688:0.389955458;0.3567602046:0.2954823525:-0.8862349213;0.833669967:0.2479390598:0.4182659425
44.33718733:234.8123461:-380.5083679;-0.395776849:0.7977748775:0.4548801278;0.2522996537:0.3017009202:-0.919413639;0.8707228563:0.2491165343:0.3206845648
47.87836737:240.8762656:-399.1399537;-0.3463006363:0.7890576066:0.5074090685;0.1441846632:0.3048949843:-0.9414084297;0.8975319623:0.2528497326:0.2193553323
49.26238645:246.9800868:-418.043219;-0.2973749889:0.7848146727:0.5437223975;0.03696976764:0.3043391799:-0.9518460484;0.9124987735:0.2629539174:0.1195172763
48.52615675:253.0501434:-436.9992643;-0.07439931208:0.8218672484:0.5647999365;-0.06845956545:0.3001605973:-0.9514288748;0.9514789177:0.109451612:-0.03393293273
45.7097108:259.0124697:-455.7898724;-0.02972389708:0.8305644546:0.5561287412;-0.1719854785:0.2924655326:-0.9406832131;0.9439465283:0.1236068387:-0.1341518097
40.8792574:264.7937187:-474.2197957;0.01103638607:0.844465016:0.5354969981;-0.2710007001:0.2809994713:-0.920650812;0.927931776:0.1349594036:-0.2319518292
34.13732676:270.3214013:-492.1256587;0.04192413648:0.8617589189:0.5055827652;-0.3648385374:0.2659117953:-0.892291297;0.9033804042:0.1470475345:-0.325550986
25.58922864:275.5231701:-509.3465772;0.05975731234:0.8805535296:0.4701643809;-0.4536407168:0.2473891731:-0.8561592709;0.8702076453:0.1621239298:-0.4142382464
15.35287537:280.3361661:-525.7390764;0.06321867363:0.8984155482:0.4345720908;-0.5357136768:0.226292757:-0.8135124121;0.8292127162:0.181377037:-0.4955994246
3.57065531:284.7159575:-541.1934925;0.05337377099:0.9136272245:0.4030341614;-0.610618409:0.2031407311:-0.7654273329;0.7811879039:0.2052463352:-0.5687199891
-9.612229333:288.6202509:-555.6040701;0.03239967619:0.9250620584:0.3784315646;-0.6788097342:0.178072514:-0.7123956236;0.726398422:0.2338016422:-0.6337106218
-24.04934041:292.021788:-568.8823595;0.005156405334:0.9313823598:0.3640059222;-0.739339854:0.1527992207:-0.6557659479;0.6663886572:0.2657426903:-0.6893959926
-39.59082512:294.9348501:-580.9877217;-0.02356102111:0.9324114987:0.3606295542;-0.7919019788:0.1285649733:-0.5969608895;0.6029775266:0.2996482657:-0.7353493889
-56.08624594:297.3808315:-591.8877046;-0.05074048576:0.9287200997:0.3672933153;-0.8372134295:0.1055122949:-0.5366011825;0.5371062643:0.3347303008:-0.7721831947
-73.38839941:299.3849625:-601.5583491;-0.07360654518:0.9210026045:0.3825392516;-0.8755309015:0.08416364365:-0.4757752848;0.4703861737:0.3699451108:-0.8001712455
-91.36301819:300.9878157:-610.0096655;-0.09015363978:0.9101705784:0.4043041423;-0.9071737755:0.06507568187:-0.4156932723;0.4046621538:0.4042503768:-0.8198160704
-109.879069:302.2337994:-617.2601567;-0.08325635796:0.916950234:0.3902187171;-0.9329728564:0.04829609799:-0.3566919344;0.3459147942:0.3937603425:-0.8514687218
-128.8117115:303.166449:-623.3374826;-0.07552596049:0.9231318596:0.3769925717;-0.9533394681:0.03360569782:-0.3000241918;0.2896309886:0.382061513:-0.8775199334
-148.0722697:303.8242022:-628.3227773;-0.06791705377:0.9290163419:0.3637525399;-0.9685671061:0.02072182067:-0.2478878115;0.2378294427:0.3691545547:-0.8984073048
-167.5851574:304.2436515:-632.3165302;-0.06042336372:0.9348821709:0.3497775632;-0.97960318:0.009697272096:-0.2007076794;0.1910299192:0.3547706463:-0.9152276058
-187.2762789:304.4565791:-635.4165117;-0.05415210962:0.9405564401:0.3352926065;-0.9874271644:-0.0004279844793:-0.1580740709;0.1485340853:0.3396370721:-0.9287541549
-207.084353:304.4529209:-637.6965942;-0.05136376189:0.945314926:0.3220892031;-0.9928686862:-0.01202733776:-0.11860487;0.1082450782:0.3258842762:-0.9391913579
-226.9546964:304.2010669:-639.2183456;-0.05174366623:0.949161034:0.3105091377;-0.9962955366:-0.02523344266:-0.08220995729;0.07019527354:0.3136127125:-0.9469505725
-246.8352744:303.6711958:-640.0435922;-0.05443772657:0.9522873021:0.3003088878;-0.9980185791:-0.03959906287:-0.04889611361;0.03467119758:0.3023756428:-0.9525561032
-266.7092689:302.8601906:-640.2390506;-0.05749431251:0.9553665121:0.2897744494;-0.9983998111:-0.05327021084:-0.01897634907;0.002693022414:0.2904017877:-0.9569004794
-286.5852415:301.78418:-639.8749616;-0.06087634162:0.958496758:0.2785283395;-0.9977906778:-0.06602496567:0.007380191513;-0.02546371369:0.2774637016:-0.9603984882
-306.4699683:300.4537713:-639.0186973;-0.06601179794:0.9610765534:0.2682802657;-0.9963394425:-0.07966140227:0.03101252014;-0.05117698814:0.2652510182:-0.9628170698
-326.3162713:298.7428134:-637.6698544;-0.0798288026:0.9593943743:0.2705361286;-0.9927966914:-0.1051179824:0.05748860245;-0.08359245378:0.263998127:-0.9608750032
-346.0230181:296.3883964:-635.7602543;-0.1008529463:0.9522907913:0.2880467533;-0.9856334375:-0.1442601141:0.08783932174;-0.1252022347:0.2750496572:-0.9531587036
-365.4893646:293.129875:-633.2224159;-0.1236898016:0.9400980387:0.3176735912;-0.9736530768:-0.1936202345:0.120461159;-0.1747533345:0.2944040527:-0.9392781963
-384.7337725:289.0785039:-630.1539229;-0.1340787404:0.9375446829:0.3209873191;-0.9658760564:-0.2183040966:0.1393799304;-0.2007477593:0.2913460804:-0.9348218993
-403.9402492:284.861576:-626.8813986;-0.1332476447:0.9485464932:0.2872361666;-0.9676029629:-0.2096312105:0.1407098493;-0.1936834994:0.2591813099:-0.9457492624
-423.3034283:281.1407647:-623.7445928;-0.1180458542:0.9687799327:0.2180151789;-0.9772944525:-0.169814074:0.1267230576;-0.1597888009:0.1981058933:-0.9668291014
-442.8282227:278.1384415:-620.6302169;-0.09968613725:0.9805015186:0.1693500696;-0.9779982865:-0.1471619194:0.1478604783;-0.1698993048:0.1508844379:-0.9735988084
-462.1510805:275.2237893:-616.5451138;-0.08055660012:0.9775002232:0.1949460123;-0.9610483584:-0.1610024686:0.2246425114;-0.2509748943:0.1692561082:-0.9523947964
-480.8659439:271.6682908:-610.395465;-0.04414484383:0.9673949915:0.2493955956;-0.9125726194:-0.2081112547:0.351995625;-0.392420835:0.2120528001:-0.8920052202
-498.4425248:266.9800917:-601.3990749;0.0219587737:0.9586765037:0.2836497375;-0.8310512794:-0.2597340815:0.4918251497;-0.545174719:0.2465273544:-0.791005893
-514.0073175:261.3211787:-589.6346875;0.1003628478:0.9571039702:0.2718074484;-0.7167297258:-0.3014982505:0.628806254;-0.6837824324:0.2579212643:-0.6557256431
-526.6280423:254.9655043:-575.3284767;0.1661321009:0.9635246856:0.209810165;-0.5573712947:-0.331606248:0.7611665627;-0.8029771346:0.2433963635:-0.4819505588
-535.6105896:248.0956754:-558.8327705;0.1973293824:0.9708678593:0.1359290796;-0.3773897321:-0.3573899182:0.8543122594;-0.878003997:0.2198791495:-0.2958720295
-541.2135297:240.5289166:-541.0045136;0.219101739:0.9716081951:0.08928573911;-0.2203973971:-0.3944435831:0.8920982273;-0.9019881353:0.2151386175:-0.1277166422
-543.9336028:231.9911066:-522.8268045;0.2614073424:0.963115095:0.0638397613;-0.09005177396:-0.4487796772:0.889093628;-0.8849494814:0.2381644862:0.03058407992
-544.2999988:222.2904313:-505.1317398;-0.18608422:0.9800219315:0.07021165751;0.0110467844:-0.5038259595:0.863734549;-0.8818532567:-0.1615029829:-0.0829279697
-543.0314023:211.7157198:-487.8696145;-0.2035257097:0.9740962265:0.09855874944;0.07226047011:-0.5301904986:0.8447937379;-0.8751653047:-0.1790591467:-0.03751874627
-540.9150864:200.7297738:-470.6715494;-0.1982775476:0.9743689869:0.1062595481;0.09331420455:-0.5325298189:0.8412517169;-0.876275961:-0.1767168526:-0.01466623958
-538.6627627:189.7577046:-453.2268909;-0.1811197774:0.9783710769:0.09992828451;0.09087098279:-0.5225520589:0.8477510308;-0.8816328198:-0.1626250594:-0.005738971267
-536.3276513:178.8944921:-435.7355926;-0.1746371275:0.9791692853:0.1035827417;0.1026802696:-0.523249873:0.8459706453;-0.8825481286:-0.1583737873:0.009162511365
-533.6239197:168.0651332:-418.6605168;-0.179803373:0.9764018294:0.1196253089;0.1313156912:-0.5356298623:0.8341803402;-0.878570098:-0.1656971189:0.03190882519
-530.2922334:157.1905333:-402.4315658;-0.1938329847:0.969764974:0.148272281;0.1704499313:-0.5571105919:0.8127574111;-0.8707877278:-0.1828121949:0.05730996432
-526.4710383:146.1551185:-387.0016764;-0.2074952088:0.9629827477:0.172075466;0.1884774308:-0.5777580346:0.794148545;-0.864169331:-0.1972143599:0.06161849014
-522.5854543:134.8170254:-371.9800446;-0.2213075534:0.9575037358:0.1849582731;0.1807301706:-0.5964385826:0.7820470718;-0.8591292431:-0.2065004643:0.04105345008
-519.0506026:123.045884:-356.9746746;-0.2328715359:0.9547218556:0.1851405582;0.153138858:-0.6101874587:0.7773157373;-0.8550907698:-0.2093669233:0.004109724009
-515.9060691:110.989025:-341.7406964;-0.2243370116:0.9583610683:0.176683242;0.1394037912:-0.6071773044:0.782241845;-0.8569481848:-0.2001161116:-0.002613175713
-512.8159052:99.07148001:-326.1803661;-0.1932080105:0.9679465845:0.1604682969;0.1442979686:-0.5861491938:0.7972497845;-0.8657535687:-0.177190294:0.02642400625
-509.4333325:87.72723258:-310.2026749;-0.1569592235:0.9781158934:0.1365763565;0.1651030469:-0.5470985087:0.820624278;-0.8773863698:-0.1513537221:0.07561775713
-505.6606181:77.24886063:-293.7319332;-0.118027116:0.9871613558:0.107619968;0.1782434207:-0.5006615338:0.8470934492;-0.890099096:-0.119162548:0.1168633799
-501.7455974:67.73273133:-276.7137089;-0.07934851426:0.9938663459:0.07702921379;0.1774376499:-0.4498690498:0.875290648;-0.9045749771:-0.08312089513:0.140652868
-497.960604:59.26005487:-259.0957897;-0.04084605934:0.9979928449:0.04839298473;0.1631780443:-0.3949556919:0.9040923223;-0.9213907536:-0.04482528125:0.1467181371
-494.462295:51.8268273:-240.9051449;-0.01124992625:0.9995130864:0.02910376772;0.1486940046:-0.3459208557:0.9264064198;-0.9360229401:-0.01474955967:0.1447300194
-491.1826661:45.26354619:-222.3225256;0.00720743932:0.999811522:0.01802701311;0.1396094913:-0.307298082:0.9413166729;-0.946678922:0.004267740671:0.1417980103
-488.0278598:39.38177078:-203.5462623;0.01645884796:0.9997912766:0.01210410982;0.1361253127:-0.2791522688:0.9505492676;-0.9537297555:0.01399727014:0.1406914249
-484.8742209:34.04847115:-184.7098739;0.02246032357:0.9997165706:0.00789381558;0.1411328383:-0.2525280984:0.9572413914;-0.9589634913:0.02038587479:0.1467646999
-481.5157698:29.28370405:-165.7678217;0.02762558823:0.9996099816:0.004087970887;0.1562955603:-0.2220009925:0.9624381836;-0.9629703486:0.02594898926:0.1623675102
-477.7324294:25.1337413:-146.6439044;0.03113473146:0.9995148635:0.0008161295906;0.1811369807:-0.1879874072:0.9653238467;-0.965008955:0.02990726749:0.1869020419
-473.5273844:21.62534864:-127.2905792;0.03462268837:0.9993986074:-0.001921686083;0.1839472097:-0.1558540281:0.970501389;-0.9696182341:0.03395485594:0.1892326707
-469.796867:18.70726764:-107.774936;0.04000148773:0.9991943833:-0.003235026241;0.1333691443:-0.1296014803:0.9825559158;-0.9813450881:0.03973515109:0.1384459519
-467.660371:16.30873379:-88.19272292;0.0444224637:0.9990126551:-0.0005997634501;0.02582753036:-0.107401283:0.9938802257;-0.9928345078:0.04416609866:0.03057305927
-468.0040458:14.36766659:-68.62047561;0.05924379085:0.9982220035:0.006557812653;-0.09973086092:-0.08574514654:0.9913130309;-0.9901127804:0.05938315817:-0.09447367228
-470.3513894:12.87269692:-49.02253441;0.05103255135:0.9986456288:0.01012851036;-0.1752018798:-0.06271955088:0.9825327268;-0.9818372684:0.05191568589:-0.1717638527
-473.7326789:11.83081101:-29.32262986;0.0394298531:0.9991825275:0.008919831987;-0.2009885913:-0.03952328025:0.9787959422;-0.9783483445:0.04038656468:-0.1992658916
-477.1601275:11.2420786:-9.466045856;0.02691783873:0.9996246024:0.005107269765;-0.1765537269:-0.01767234959:0.9841323435;-0.9838531601:0.02739242322:-0.1760117476
-479.4946477:11.04614993:10.4138518;0.01610390511:0.9998691814:0.001511425399;-0.09345327729:3.575857223e-005:0.9956236657;-0.9954933655:0.01617467669:-0.09344162772
-479.5192485:11.15156562:30.08685518;0.008858763533:0.9999606323:-0.0005061559861;0.05460920938:0.01392425345:0.9984107118;-0.9983784545:0.008872325183:0.05448370787
-476.1283599:11.46798495:49.33866728;0.005274328743:0.9999841201:-0.001985207326;0.237287535:0.02346371849:0.9711560532;-0.9711872117:0.005593261238:0.2371600115
-469.7378068:11.92374411:68.18186379;0.01433667454:0.9998714166:-0.007184006789;0.3449673277:0.02907434256:0.9381642849;-0.9382525228:0.01592840364:0.3445061413
-461.8598582:12.46063951:86.79252375;0.02108393919:0.9997153762:-0.01116396173;0.3781292169:0.03163065669:0.9252122983;-0.9253020843:0.02372853994:0.3773546935
-454.005989:13.02131896:105.3499071;0.02620453773:0.999585797:-0.01189776025;0.3490492111:0.03168026719:0.9365687422;-0.9365577368:0.02869525477:0.3480744671
-447.1126763:13.56117837:124.0234116;0.03048315446:0.9994771744:-0.0107775308;0.2943965054:0.0298408553:0.9552173684;-0.9550395671:0.03229090598:0.2933329439
-441.5413984:14.04836173:142.9725732;0.03412316813:0.9993828933:-0.008333187724;0.2196784616:0.02610090486:0.975223111;-0.974838798:0.03510832404:0.2186522509
-437.6247741:14.45184579:162.3528973;0.03754438557:0.9992825448:-0.00498143705;0.1273851773:0.02056839749:0.9916400343;-0.9910310372:0.03786507704:0.1265215563
-435.5205793:14.75322144:182.156744;0.04165557284:0.999130825:-0.001551710034;0.03724440511:0.01479758955:0.9991966201;-0.9983511049:0.04167990011:0.03659563114
-435.1439831:14.95158262:202.1500987;0.04647605863:0.9989170514:0.002168033193;-0.04660474308:0.009162907485:0.9988713826;-0.9977697908:0.04652464558:-0.04698012836
-436.391669:15.04736259:222.0830444;0.05196682023:0.9986274662:0.006529418372;-0.1251103763:0.003622722768:0.9921362153;-0.9907508205:0.05237506233:-0.1251269195
-439.0858438:15.04705522:241.7991893;0.05783594446:0.9982630731:0.01121786266;-0.1900898871:-0.001169172749:0.9817659944;-0.9800738543:0.05891376578:-0.1896920947
-442.9040698:14.96892491:261.3237805;0.06379599534:0.9978388112:0.0157409624;-0.2376424028:-0.00487578682:0.9713404733;-0.9693179727:0.06570835244:-0.236817757
-447.5072361:14.83258477:280.7029547;0.06969645459:0.9973746132:0.01965413765;-0.2680175127:-0.007491366649:0.9633849139;-0.9610028922:0.072412166:-0.2667917414
-452.5168843:14.65499239:299.9977443;0.07567514591:0.9968870838:0.02212271325;-0.2764958989:-0.009337834375:0.9609697304;-0.9581848904:0.07883836405:-0.2749285483
-457.4458485:14.44576871:319.3103343;0.08186804586:0.9963917811:0.02238395879;-0.2599964653:-0.01061768046:0.9655511912;-0.9623049369:0.08486753937:-0.2581890924
-461.7883474:14.21327838:338.7499571;0.08820421805:0.995902624:0.01994942396;-0.2181386328:-0.01131848004:0.9758521552;-0.9720795192:0.09042601636:-0.2162464991
-465.0795625:13.96645005:358.394819;0.09440381961:0.9954193398:0.01510817232;-0.157085949:-0.01140406674:0.9875190894;-0.9831678946:0.09559885557:-0.1552898041
-467.0185281:13.71646857:378.1990222;0.1002193168:0.9949305573:0.008323142947;-0.08292774517:-0.01084170876:0.9964965863;-0.991535141:0.1005584265:-0.08142079907
-467.3452418:13.4750828:398.0856432;0.1054018986:0.9944295627:-0.0005335047854;0.004559109607:-0.0096003322:0.9999435225;-0.9943682779:0.1053983781:0.005545606614
-465.8200056:13.25417363:417.9566817;0.1099938834:0.9938688367:-0.01122858405;0.1014879298:-0.007698480244:0.994806983;-0.9886212159:0.1105622491:0.1017124765
-462.3216948:13.06639268:437.5910585;0.1137378436:0.9932331814:-0.02348510657;0.2028283387:-0.005175585216:0.9792006323;-0.9724530101:0.1161356135:0.202044496
-456.772103:12.9246706:456.7231449;0.1053475626:0.9938503513:-0.03410821517;0.3087618277:-0.002006675966:0.9511372703;-0.9452196661:0.110731308:0.3070744494
-449.1097331:12.84123546:475.0919051;0.09653904357:0.9943454378:-0.04424209874;0.4154136365:0.001656797352:0.9096311152;-0.9045608497:0.106193689:0.4129047086
-439.4180083:12.82219728:492.4768142;0.08745588441:0.9947387404:-0.05335078848;0.5145558895:0.005419880793:0.857439713;-0.853217655:0.1024401109:0.511374677
-427.8549702:12.87051589:508.6782055;0.07794433289:0.9950446504:-0.06173187704;0.6061357402:0.00926697715:0.7953072284;-0.791938271:0.09940758835:0.6024098173
-414.583924:12.98864229:523.5054703;0.06784391414:0.9952839703:-0.06933268903;0.6887127703:0.01307638311:0.7249163594;-0.7224042532:0.09693147159:0.6845776274
-399.8312648:13.17247296:536.8886249;0.0574921205:0.9955120146:-0.07516970749;0.7568392465:0.01637829546:0.6533958267;-0.6516945474:0.09445649638:0.7525009401
-383.8688553:13.41318063:548.8446183;0.04712929009:0.9957480795:-0.07914917739;0.8119845876:0.01916788121:0.583364056;-0.5824007604:0.09176144599:0.807628725
-366.9667696:13.70177575:559.3944585;0.03696750662:0.9960010214:-0.08133491737;0.8563468057:0.02147315013:0.5159545059;-0.5156377318:0.0887244483:0.8521284843
-349.3308651:14.02793548:568.608364;0.02733306152:0.9962907607:-0.08159426349;0.8913419184:0.02314034643:0.452740664;-0.4529494601:0.08510317578:0.8874032214
-331.1027816:14.38000364:576.605764;0.0185850274:0.9966210734:-0.08000645483;0.9183426562:0.02416819034:0.3950476736;-0.3956464478:0.08081531208:0.9147904773
-312.4208281:14.74630821:583.5080298;0.01096481654:0.9969862923:-0.07679912664;0.938848517:0.02460820898:0.3434499936;-0.3443048247:0.07586861233:0.9357492775
-293.398901:15.11708532:589.4275851;0.004441491624:0.997366214:-0.07239411784;0.954585939:0.02463435767:0.2969155327;-0.2979169034:0.0704251548:0.9519623506
-274.1170233:15.48521883:594.4644379;-0.0009597555273:0.9977502203:-0.06703414682;0.966541707:0.02430669319:0.2553552687;-0.256410154:0.06454622006:0.9643905296
-254.6525939:15.84380692:598.7178243;-0.005221280061:0.9981298855:-0.06090541788;0.9754451299:0.02365295065:0.2189688027;-0.2199998988:0.05826659581:0.9737444345
-235.0674612:16.1882792:602.3042137;-0.008388440221:0.9984834898:-0.05440914048;0.9816436519:0.02290885273:0.1893434054;-0.1903027152:0.05182209152:0.9803471489
-215.3932707:16.51859335:605.3735463;-0.01060132342:0.9988009773:-0.04779351149;0.985658326:0.02218201858:0.1672890384;-0.1681486116:0.04533458733:0.9847116581
-195.6581908:16.83522975:608.0795518;-0.01203514908:0.9990797149:-0.04116890147;0.9880153888:0.02148793638:0.152852413;-0.1535963799:0.03883590662:0.9873647435
-175.8850157:17.14044709:610.5356009;-0.01330849148:0.9993053425:-0.03480971802;0.9898060315:0.02105660387:0.1408568049;-0.1414919321:0.03258027726:0.9893986869
-156.0816927:17.44141707:612.743562;-0.01475631243:0.9994747276:-0.02885342539;0.9915486344:0.02102853272:0.1280199457;-0.1285594455:0.02672047222:0.9913381048
-136.2536265:17.74615274:614.6862094;-0.01639587378:0.9995942816:-0.02329050186;0.9932122393:0.02140308527:0.1143300296;-0.1147821324:0.02125787077:0.9931601971
-116.4052624:18.06185013:616.3425729;-0.01661536492:0.9993011503:-0.03348343997;0.9948225058:0.02205442851:0.09920576649;-0.0998748947:0.03166173964:0.9944937167
-96.5372077:18.39243727:617.6767056;-0.01742300792:0.9988883536:-0.04380063707;0.9963644971:0.02285551561:0.0820695706;-0.08297942441:0.04221150094:0.9956551039
-76.6491102:18.7410252:618.6489161;-0.0188982968:0.9983505442:-0.05421296219;0.9977346011:0.02380363014:0.06292100614;-0.06410768603:0.05290104835:0.99653873
-56.74164928:19.11003702:619.2397942;-0.0207088009:0.9976942183:-0.06463275034;0.9986677541:0.02478536107:0.0452592846;-0.04675687262:0.0636093781:0.9968783193
-36.8215279:19.49787865:619.5483657;-0.02208436474:0.9969392821:-0.0749956576;0.999070785:0.02562907144:0.03465136744;-0.03646737845:0.07416071707:0.9965789129
-16.89762933:19.90150194:619.7165247;-0.02277395722:0.9960912735:-0.08534355065;0.9991670829:0.02633879082:0.03116742762;-0.0332934486:0.08456266089:0.9958614506
3.022011913:20.31790957:619.8753457;-0.022811676:0.9951532711:-0.09565351214;0.9991051117:0.0269204764:0.03262305564;-0.03503997865:0.09482372636:0.9948768213
22.93677467:20.74456414:620.0612144;-0.02275638156:0.9941246808:-0.1058218607;0.9990574898:0.02738213889:0.03368011963;-0.03637986706:0.1049556849:0.9938108266
42.84985489:21.17916505:620.2617621;-0.02265705586:0.9930091146:-0.1158428082;0.9990339815:0.02772393027:0.03409527012;-0.03706853193:0.1149584035:0.9926779921
62.76432271:21.61923473:620.4642995;-0.02249234581:0.9918167181:-0.1256729572;0.9990360094:0.02790351643:0.03388872373;-0.03711812017:0.1247895727:0.9914882317
82.68111227:22.05986674:620.6572574;-0.02212279882:0.9905779067:-0.1351517389;0.9990651557:0.02776220859:0.0331372059;-0.03657709482:0.1342923054:0.9902660484
102.5996183:22.49440416:620.8298736;-0.02154843413:0.9893043901:-0.1442653415;0.9991202323:0.02728484435:0.03184805518;-0.03544367819:0.1434521458:0.9890219777
122.5191924:22.91626502:620.9719063;-0.02078679382:0.9879991675:-0.1530540895;0.9991932092:0.02650585942:0.03017233995;-0.03386707693:0.1523034207:0.9877530307
142.4389706:23.32148002:621.0846759;-0.01986725308:0.9866322436:-0.16174705;0.9992502126:0.02563223513:0.02901725656;-0.03277529936:0.1610492809:0.9864017212
162.3578744:23.70869255:621.1810649;-0.01877984531:0.9851993855:-0.1703804223;0.999287646:0.02469839973:0.02853400881;-0.03231981172:0.1697231869:0.9849614068
182.2748602:24.07664875:621.2741123;-0.01753284969:0.9837029422:-0.1789444629;0.9993104236:0.02369927382:0.0285835922;-0.03235861757:0.1783199151:0.9834401196
202.1909057:24.42360251:621.3611658;-0.01637253673:0.982154259:-0.1873631545;0.9993607898:0.02258331579:0.02771291434;-0.03144963814:0.1867896593:0.9818962021
222.1097932:24.74712476:621.417801;-0.0153907794:0.9805588247:-0.1956208454;0.9994461613:0.02133732952:0.02553603416;-0.02921361008:0.1951194835:0.9803441514
242.0354448:25.04473528:621.4174091;-0.01469192812:0.9789196367:-0.2037166956;0.9995651174:0.0199613354:0.02170532496;-0.02531422612:0.2033092097:0.9787871921
261.9636759:25.3138533:621.2631242;-0.01606247983:0.9772405471:-0.2115251991;0.9997936266:0.01843947838:0.00852583535;-0.01223220634:0.2113445999:0.9773350544
281.8745581:25.55170279:620.721631;-0.02049414774:0.9739306769:-0.2259181855;0.9997118949:0.01675391506:-0.01718817874;0.01295508046:0.2262053544:0.9739934397
301.746363:25.75548495:619.5440919;-0.02855937492:0.9704427408:-0.2396356587;0.9983609802:0.01488754096:-0.05526042221;0.0500594899:0.2408210943:0.9692773448
321.56394:25.92218328:617.5937677;-0.03676841527:0.9667874056:-0.2529233005;0.9957636658:0.01284167835:-0.09104841123;0.08477649761:0.2551995387:0.9631639392
341.3303101:26.04817964:615.0436218;-0.04249797994:0.9629610814:-0.266270309;0.9932563967:0.01063658777:-0.1154495274;0.1083411942:0.2693810594:0.9569192874
361.0516062:26.12975292:612.1196514;-0.04537385777:0.958963293:-0.2798760719;0.9916622658:0.008279150496:-0.1285978469;0.1210034786:0.2833775201:0.951343369
380.7316043:26.16320049:608.9978823;-0.04723020176:0.9548063886:-0.2934519863;0.9904151363:0.005746884078:-0.1380030113;0.1300797223:0.2971571991:0.945926126
400.3646513:26.14489367:605.6544522;-0.0502300246:0.9505035136:-0.306626834;0.9885159309:0.003019268717:-0.1510865262;0.1426824852:0.3106945902:0.9397395235
419.9427372:26.07122232:602.0155268;-0.0544797116:0.9460580778:-0.3193838981;0.9858187342:9.888923621e-005:-0.1678136272;0.1587298539:0.3239970682:0.9326471642
439.4574001:25.9386318:598.0159603;-0.05961225614:0.9414672969:-0.3317916632;0.9824118:-0.002998450533:-0.1867031454;0.1767697665:0.3370858408:0.9247298374
458.8975384:25.74389168:593.6413425;-0.06492317003:0.9367264835:-0.3439890655;0.978643095:-0.006254057461:-0.2054716024;0.194622019:0.3499823915:0.9163148717
478.2510954:25.48388893:588.8956273;-0.07039339919:0.9318370445:-0.3559838365;0.9745171047:-0.009670096243:-0.2241046671;0.2122714286:0.362687827:0.9074104277
497.5051652:25.15558234:583.7786495;-0.07633321813:0.9267942713:-0.3677303611;0.9698258641:-0.01323668475:-0.2434390755;0.2304854714:0.3752169032:0.8978186563
516.6394635:24.75655462:578.2541689;-0.08355779195:0.9215804771:-0.3790877465;0.963970889:-0.01692324106:-0.2654688853;0.2510663353:0.3876115459:0.8869626832
535.6299066:24.28470972:572.2673706;-0.09217870098:0.9161836572:-0.3900135809;0.9567338982:-0.02072377793:-0.2902253832;0.2739823078:0.3998918124:0.8746336709
554.4513379:23.73808579:565.7630929;-0.1023569932:0.9105779949:-0.4004631834;0.947858922:-0.02460502709:-0.3177389755;0.2991795267:0.4121054075:0.86058098
573.0644594:23.11650656:558.6835451;-0.1145098057:0.9047072205:-0.4103563691;0.9369235727:-0.02846603771:-0.3483732245;0.3268569915:0.4243647056:0.8443818808
591.4197815:22.42108265:550.9690423;-0.1287952994:0.8985405423:-0.419567235;0.9235704797:-0.03229023235:-0.3820666302;0.3568502806:0.4367082985:0.8257066896
609.4666384:21.65311988:542.5594584;-0.1455022364:0.8920275051:-0.4279205878;0.9073344786:-0.03602212626:-0.418863403;0.3890522857:0.4492126653:0.8041260113
627.1324834:20.81776101:533.3854888;-0.1657577785:0.8850303218:-0.4350237792;0.8871376032:-0.03939681442:-0.4598203607;0.4240935128:0.4621447543:0.7786133499
644.3228888:19.92398569:523.3686501;-0.1899700007:0.8774825106:-0.4403814737;0.8621718921:-0.04234652935:-0.5048429457;0.4616394825:0.4755895432:0.7484961863
660.9420221:18.98102884:512.4304039;-0.2094189286:0.8779091949:-0.4306032487;0.831696293:-0.04480556802:-0.553420037;0.5051459623:0.4740277569:0.720770689
676.8735106:18.00213109:500.5078083;-0.2320913201:0.8778533646:-0.4189356626;0.7949563535:-0.04647151601:-0.6048841164;0.5504681321:0.4734239198:0.6870694741
691.9724801:17.00609134:487.5595623;-0.2581985424:0.8773165486:-0.4045357662;0.7509815104:-0.04722680825:-0.6586322188;0.5969338781:0.4738567596:0.6466546138
706.0918366:16.01212384:473.5461805;-0.2876384295:0.8763408607:-0.386381715;0.698850381:-0.04701238033:-0.7137212208;0.6436277931:0.4753166598:0.5989085772
719.0699088:15.04016311:458.4549979;-0.3196738776:0.8750184886:-0.3635261429;0.6382323014:-0.04583863194:-0.7684779433;0.6890959495:0.4776764507:0.5438116505
730.7167137:14.11154256:442.325439;-0.3537111102:0.8734338377:-0.3346666726;0.5682140936:-0.04366510793:-0.8217214261;0.7323325551:0.480814318:0.4808525826
740.8390029:13.24775386:425.2029495;-0.3888017869:0.8716893461:-0.2983133492;0.4877948851:-0.04041969733:-0.872022017;0.7721900371:0.4845594443:0.4094903539
749.2341458:12.46850845:407.1595916;-0.4228378987:0.8699562541:-0.2537404725;0.3965822178:-0.03640282613:-0.9172771548;0.8072278679:0.488488504:0.3296166861
755.6735923:11.78859945:388.340962;-0.4537823425:0.8683638862:-0.2000643566;0.2936040981:-0.03175250121:-0.9553996087;0.8359870608:0.4922831875:0.2405464713
759.9243536:11.22197774:368.9052501;-0.4791798013:0.8670479851:-0.1364350012;0.1781650094:-0.02638510712:-0.9836468144;0.8564688406:0.4956516284:0.141834402
