0.6506213385:13.41702863:57.08058623;0.007643743029:0.9931354252:-0.1167201796;0.03188677611:-0.05861839986:-0.9977710743;0.9977637503:-0.00390487546:0.03211595094
1.334139995:12.08089047:33.12789058;0.01331166629:0.9936994111:-0.1112846792;0.07276735913:-0.05618700323:-0.9957649984;0.9957438452:-0.005157399145:0.07305682456
2.945635141:10.80620586:9.254482423;0.01801627951:0.9943554398:-0.1045594238;0.1092549753:-0.05322385425:-0.9925878156;0.9925501494:-0.006459102262:0.1095971749
5.379293903:9.603983382:-14.54746931;0.02135477498:0.9950746765:-0.09680062907;0.1412306296:-0.04976568716:-0.9887250809;0.9886726399:-0.007442787824:0.1415977582
8.528253636:8.485331655:-38.28681123;0.02321512059:0.9958319309:-0.08820330775;0.1685156378:-0.04582762385:-0.9846330833;0.9845712126:-0.007994739106:0.1688771468
12.2814526:7.461759551:-61.97645206;0.02361401424:0.9966017616:-0.078913289;0.1909833258:-0.04142051484:-0.9807189762;0.9806548883:-0.008087589486:0.1913124235
16.52677929:6.544875998:-85.63031605;0.0226643789:0.9973563112:-0.06904139698;0.2086875195:-0.03656529164:-0.9772985719;0.9772394174:-0.007741787255:0.2089645443
21.14970718:5.746488149:-109.2634915;0.02047465121:0.9980715827:-0.05859952648;0.2213830413:-0.03125010478:-0.974686093;0.9746377328:-0.006983416401:0.2215959574
26.02604969:5.079196057:-132.8957229;0.0172003824:0.9987211473:-0.04754173776;0.2288246926:-0.02545844657:-0.9731346914;0.9731005342:-0.005859565289:0.2289699545
31.02920524:4.555798004:-156.5479188;0.01307931629:0.9992732199:-0.03580451692;0.2310684775:-0.01919400862:-0.9727481425;0.9727284007:-0.004449585413:0.231151586
36.02915545:4.189284055:-180.2404634;0.008352553457:0.9996947391:-0.02325217302;0.2277569781:-0.01243660402:-0.9736385827;0.973630547:-0.00283652365:0.2277913302
40.88221486:3.993411427:-203.9916432;0.00332818764:0.9999473928:-0.009702304863;0.2185008656:-0.005159984513:-0.9758231122;0.9758218407:-0.00112776041:0.2185065443
45.44128121:3.982129122:-227.8192207;-0.001589539428:0.9999861709:0.005013119408;0.2032658404:0.002643387537:-0.9791200185;0.9791197298:0.0005373539446:0.2032672312
49.55672298:4.169316708:-251.7365178;-0.005920538408:0.9997612359:0.02103374567;0.1817796743:0.01097217505:-0.9832780692;0.9832740836:0.001998028136:0.181801233
53.06879149:4.568576:-275.7390957;-0.009097568514:0.9992180162:0.03847844105;0.1537073439:0.01983351674:-0.9879173468;0.9879079742:0.003073226779:0.153767584
55.81520881:5.193439378:-299.8180754;-0.01047905334:0.998297641:0.05737603478;0.1189091544:0.02923002282:-0.992474795;0.9924623495:0.003577660537:0.1190130313
57.63459953:6.056872815:-323.9556155;-0.009433570814:0.9969459503:0.07752277006;0.07747353939:0.03911407841:-0.9962268515;0.9962165569:0.003392013169:0.07760591678
58.36919849:7.169576657:-348.0980258;-0.00574951416:0.9951136258:0.09856883271;0.02940643577:0.04944908641:-0.998343653;0.998339511:0.00284143292:0.02954705315
57.86214304:8.541684844:-372.1826537;0.006991144915:0.9927585484:0.1199232612;-0.02542308617:0.06020465158:-0.9978622483;0.9978562152:-0.003927380181:-0.02565988556
55.96316665:10.18221289:-396.1352014;0.02020657198:0.9898713307:0.1405220375;-0.08627466832:0.07127615757:-0.9937184667;0.9936692919:-0.007956151549:-0.08684106755
52.54838708:12.0957026:-419.8347906;0.03915065992:0.9864649206:0.1592299793;-0.1525116749:0.08257850823:-0.9848456625;0.9846646724:-0.01427292676:-0.1536804204
47.50051819:14.28557735:-443.148898;0.0637628193:0.9825832954:0.1745404549;-0.2240536476:0.09402568795:-0.9700304805;0.9695470325:-0.02274545267:-0.2261467143
40.71535812:16.75379113:-465.9345612;0.09343665244:0.9783258988:0.1847918496;-0.2993464562:0.1054734072:-0.9482969258;0.9472340683:-0.03328890496:-0.302713473
32.14104227:19.49642031:-488.0070622;0.127164784:0.9738151183:0.1884495502;-0.3770148534:0.1168178541:-0.9188108561;0.9167661746:-0.04579210451:-0.3819978813
21.73879034:22.5080719:-509.1712442;0.1636990895:0.9692287347:0.1838430523;-0.4566568076:0.1279227559:-0.880397824;0.8768245789:-0.06016714082:-0.4635457385
9.487826902:25.78191904:-529.2272146;0.2007624364:0.9647696497:0.170041075;-0.5360567346:0.1386470372:-0.8327185457;0.8269572709:-0.07602694065:-0.545006385
-4.560603979:29.30539955:-547.9561372;0.2359069261:0.9606210737:0.146816467;-0.6133182496:0.1489192429:-0.7756698935;0.7669886431:-0.09294068175:-0.6242975163
-20.33725335:33.06451739:-565.13444;0.2666430014:0.9570375027:0.1139329989;-0.6877997297:0.1585821212:-0.7083666019;0.6960011403:-0.110517911:-0.7005349484
-37.75381107:37.04427557:-580.542691;0.290141223:0.9542071249:0.07284801712;-0.7570715065:0.1675356689:-0.6314859727;0.6147730556:-0.1280689544:-0.7710120294
-56.64572212:41.22567325:-593.9780174;0.3042768071:0.9522339673:0.02580883817;-0.8191737188:0.1757771647:-0.5459457911;0.524404731:-0.1449767202:-0.8335299546
-76.8293703:45.58870864:-605.2416866;0.3071822564:0.9513152132:-0.02526710096;-0.8733990651:0.1831577914:-0.4512508133;0.4246538973:-0.1606845054:-0.8871406415
-98.10587027:50.11303177:-614.1482996;0.2979760295:0.9514837734:-0.07673926488;-0.9176657014:0.1896303269:-0.3491847643;0.3176915453:-0.1744696809:-0.9296493162
-120.2152601:54.77690006:-620.5657923;0.2771609865:0.9526535047:-0.125032346;-0.9505003877:0.1952700683:-0.2416994278;0.2058407323:-0.1858329452:-0.9596187703
-142.8823089:59.55822276:-624.3754345;0.2452558948:0.954871527:-0.1675407802;-0.971318875:0.1999594369:-0.128669603;0.08936158024:-0.1942925008:-0.9765259679
-165.8241756:64.43513938:-625.4782816;0.2046082212:0.9579771738:-0.2010353459;-0.9789503022:0.2036999803:-0.01275240424;-0.02873438383:-0.1994128594:-0.9794907344
-188.7275788:69.38671042:-623.8545318;0.1585326941:0.9617163594:-0.2235375338;-0.9729373752:0.2066377867:0.1034102946;-0.1456426732:-0.2010941088:-0.9684486354
-211.2716273:74.39222664:-619.5041689;0.1094340587:0.9660146214:-0.234179286;-0.9529709785:0.2087030163:0.2197484134;-0.2611541037:-0.1991181025:-0.9434231171
-233.1370366:79.43145887:-612.4489079;0.06115534709:0.9706205869:-0.2327137721;-0.9191384858:0.2099273676:0.333339083;-0.372398766:-0.1935107168:-0.9049729176
-254.0109488:84.48609814:-602.7973882;0.01722562484:0.9752559593:-0.2204066507;-0.8721988341:0.2104945647:0.4415441451;-0.4770129608:-0.1846325499:-0.8542430111
-273.5821132:89.53831554:-590.6799806;-0.02042442244:0.9798340798:-0.1987662422;-0.8120456195:0.2103760774:0.5443563336;-0.5751945496:-0.17252542:-0.7913731625
-291.5495019:94.57068082:-576.2462403;-0.04943291775:0.9841535817:-0.1702883268;-0.7398728768:0.2095904653:0.6392651742;-0.6648259205:-0.157592457:-0.7177878735
-307.6529791:99.56735835:-559.7224614;-0.06859658913:0.9880346296:-0.1381378971;-0.6573500522:0.2082984633:0.7242255581;-0.7443338428:-0.1404843569:-0.6351960513
-321.6426321:104.5129111:-541.3541226;-0.07797720062:0.9914438438:-0.1046836225;-0.5643219527:0.2064822848:0.7993158323;-0.8140920748:-0.1214036773:-0.5433926153
-333.2856149:109.3922387:-521.3998362;-0.07800037686:0.994279698:-0.07296453533;-0.4626869123:0.2041171336:0.8627033192;-0.8726617075:-0.1010509196:-0.4441189901
-342.417348:114.1915864:-500.1707487;-0.07031918439:0.9964769927:-0.0457035582;-0.3546577637:0.2013100707:0.9130674269;-0.9190512703:-0.0804152785:-0.3392523419
-348.8903187:118.8975362:-477.9911404;-0.05738398317:0.9980532287:-0.02443012718;-0.2400030996:0.1980323008:0.9503587323;-0.9533465555:-0.06039867574:-0.2281719863
-352.5783914:123.4974537:-455.1899902;-0.04351338787:0.9989974697:-0.01051857932;-0.1211867406:0.1942639258:0.9734347955;-0.9745022781:-0.04363215816:-0.1126121657
-353.4409391:127.9818387:-432.1150724;-0.03614345953:0.9993406971:-0.003438245066;-0.0009153503256:0.1901216204:0.9817601192;-0.9817665266:-0.03548735433:0.005956906261
-351.458712:132.3419746:-409.1188599;0.0402307913:0.9991447842:-0.009549015804;0.1208597084:0.1855806214:0.9751680695;-0.9761062026:0.04038587436:0.1132902921
-346.6345313:136.5710363:-386.5492261;0.05078492479:0.9984809304:-0.02137107899;0.2411673572:0.180749241:0.9535030245;-0.9559173933:0.05357758603:0.2316216706
-339.0595029:140.6697631:-364.7356464;0.06004477925:0.9974447373:-0.03871201995;0.3569937953:0.175883267:0.9173987718;-0.9218633735:0.06890495766:0.3455207104
-328.846804:144.6407858:-344.0029963;0.06433951612:0.9961090019:-0.06022692945;0.4681852334:0.1709960299:0.8669273009;-0.8738526542:0.08397504207:0.4553617237
-316.1281465:148.4898507:-324.6637737;0.06201508958:0.9945531054:-0.08377499151;0.5718947167:0.1663961784:0.803273767;-0.8128382579:0.09772556965:0.5584605926
-301.1093818:152.2351672:-306.9809653;0.0528193816:0.9928251913:-0.107276523;0.6656236763:0.1625251578:0.7283753803;-0.7405845601:0.1098781308:0.6522634755
-284.0148961:155.8980603:-291.2051798;0.03681311511:0.9909162078:-0.1293439741;0.7494220268:0.1594275182:0.6426114628;-0.6573951026:0.120589753:0.7367454093
-265.0813005:159.5032127:-277.5704785;0.01464878652:0.9887919667:-0.1485794723;0.8214527638:0.1574865324:0.5480997618;-0.5653559074:0.1300800146:0.8099389073
-244.5941046:163.0887381:-266.2447331;-0.01280394641:0.9863461917:-0.164186629;0.8804422222:0.1571806406:0.4473429775;-0.4670420018:0.138829085:0.8704333654
-222.851043:166.6961078:-257.3792681;-0.04546987856:0.9834248648:-0.1755221507;0.9267520132:0.1585431563:0.3405800548;-0.3627627301:0.1471793728:0.9185999113
-200.1560989:170.3683933:-251.1078655;-0.08282790889:0.9798536358:-0.1817316426;0.9596468183:0.1617561861:0.2300280861;-0.2547900739:0.1553454473:0.9537113506
-176.8382519:174.1550667:-247.4941394;-0.124411878:0.9753767587:-0.1821039903;0.9788635864:0.1670798683:0.1179423457;-0.1454641335:0.1635815363:0.9755475122
-153.2327302:178.1072001:-246.5841617;-0.1703893216:0.9696679634:-0.1752470254;0.9846438629:0.1745252686:0.004170604618;-0.03462913587:0.1718452816:0.9845148513
-129.6768571:182.2736215:-248.4057108;-0.2195016753:0.9625130789:-0.1593348281;0.9768705657:0.1838365815:-0.1092154257;0.07582970552:0.1796224726:0.9806031335
-106.5163361:186.6941807:-252.9133919;-0.2699525982:0.9536678617:-0.1328277241;0.9557722641:0.19485345:-0.2202986887;0.1842098391:0.1864232579:0.9640904865
-84.09896512:191.4064833:-260.0435165;-0.3201787092:0.9427186257:-0.09363325729;0.9210812133:0.2075747249:-0.3294269754;0.2911210479:0.191719338:0.934781423
-62.76973171:196.4414295:-269.7120613;-0.3658775426:0.9297801913:-0.0405267769;0.8730960164:0.221251573:-0.4344549316;0.3949809763:0.1943410702:0.892738363
-42.86237973:201.803099:-281.7536619;-0.4023315245:0.9151198668:0.02617200471;0.8123978883:0.2352643256:-0.5335357234;0.4944064792:0.1933961596:0.8380957021
-24.70784225:207.4888661:-295.9826187;-0.425546818:0.8986725871:0.1062896368;0.7380960883:0.2495691784:-0.6268408009;0.5898512615:0.188298143:0.7695100909
-8.624717132:213.4871079:-312.193229;-0.4295301993:0.8815295669:0.1959832407;0.6510683892:0.2630608573:-0.7119753774;0.6791828653:0.1782164329:0.6869286176
5.117738491:219.750212:-330.0997764;-0.4100589678:0.8650863569:0.2889242774;0.552533273:0.2747756838:-0.7868959943;0.7601223548:0.1630334825:0.5906632294
16.26260267:226.2215686:-349.3965414;-0.3650178539:0.8501687439:0.3794404739;0.4412968475:0.2845052081:-0.8510663188;0.8315027742:0.1432085163:0.479026267
24.57825445:232.8378826:-369.7669529;-0.2954021756:0.8389378851:0.4570785268;0.3195392157:0.291015911:-0.9017784812;0.8895532557:0.1203328113:0.354040287
29.93427674:239.5091171:-390.8510325;-0.2085769937:0.8333952253:0.5118085932;0.1902850532:0.2932854397:-0.9368966055;0.930911166:0.09802555194:0.2197552501
32.22555347:246.1385497:-412.2779502;-0.1163411494:0.8344542941:0.5386564471;0.05342057883:0.2909773717:-0.9552373584;0.9538387528:0.08235807305:0.07842967328
31.38031173:252.6294131:-433.6848837;0.1312809889:0.8430109619:0.5216299647;-0.08609780728:0.2833647222:-0.9551395719;0.9530046593:-0.08048047137:-0.1097817963
27.46015131:258.8847604:-454.7410409;0.2084137486:0.8584884453:0.4685736854;-0.222285253:0.270307324:-0.9367620919;0.9308583309:-0.0910770789:-0.2471650839
20.56001522:264.8075999:-475.1236376;0.2713987862:0.8792257421:0.3915415602;-0.3537387734:0.2520728727:-0.9007375573;0.890648653:-0.1059556485:-0.3794285072
10.80249773:270.3081296:-494.5367188;0.3071345436:0.9025811274:0.3016880519;-0.4746815735:0.2294930309:-0.8497119233;0.836169251:-0.1177701246:-0.4989238671
-1.579201766:275.3253075:-512.7916483;0.3127841692:0.9255406654:0.2134022966;-0.5801457188:0.2040374624:-0.7885427439;0.7733704389:-0.1228392583:-0.6007681428
-16.32423259:279.8052815:-529.7266193;0.2934213046:0.9463726316:0.1352138311;-0.6709775957:0.1765673276:-0.7201479327;0.705402639:-0.1205812946:-0.6868034486
-33.16306758:283.7045633:-545.2114841;0.2570479285:0.9635753093:0.0738172462;-0.7460070511:0.1486171056:-0.6491428468;0.6364685249:-0.1117926379:-0.7570356941
-51.79147355:287.0211191:-559.2427299;0.2129471264:0.9765619767:0.03130857878;-0.8050812218:0.1217752775:-0.5805299373;0.5707360739:-0.09841623308:-0.8121434047
-71.89654086:289.7632792:-571.848503;0.1670825401:0.9859314464:0.00475475936;-0.8512339655:0.09633720004:-0.5158680838;0.5090686262:-0.08214513714:-0.8553545989
-93.1774984:291.9472893:-583.074768;0.1241031366:0.9922270732:-0.009156779334;-0.8865742741:0.0730457428:-0.4567826353;0.4525632335:-0.06480632278:-0.888748203
-115.3821293:293.6210584:-593.0387629;0.08702487145:0.9961069423:-0.01405814065;-0.9128564062:0.05264133608:-0.4048729077;0.4025566748:-0.0480670765:-0.913883709
-138.2703551:294.8404111:-601.8755443;0.05617144019:0.9983325623:-0.01329903777;-0.9321586527:0.03501055155:-0.3603533092;0.3592868358:-0.03263837748:-0.9325709293
-161.6236872:295.6637336:-609.7162706;0.03143928819:0.9994604082:-0.009511235124;-0.9465476991:0.02020358097:-0.3219305339;0.3215646619:-0.01912410456:-0.9466721359
-185.3099953:296.1596582:-616.6765082;0.01263775408:0.9999097286:-0.004563100694;-0.9574600348:0.008370324829:-0.2884444824;0.2883802494:-0.008014276983:-0.9574793856
-209.2187389:296.3993786:-622.8679257;-0.0007958034863:0.9999996296:0.0003280100899;-0.9656245283:-0.0005422356104:-0.2599403323;0.2599400582:0.0005235960111:-0.9656246021
-233.2554121:296.451995:-628.385844;-0.009755352664:0.9999423559:0.004485297441;-0.9721870636:-0.006834410452:-0.2341059679;0.2340618187:0.006644334427:-0.9721976949
-257.3896477:296.3782329:-633.2601948;-0.01491450019:0.9998600569:0.007577882386;-0.977927661:-0.01076025353:-0.2086664967;0.2085557553:0.0105227773:-0.9779512905
-281.607113:296.2367243:-637.504562;-0.01654008474:0.9998207268:0.009216283302;-0.9829131029:-0.01230678239:-0.1836583113;0.1835119635:0.01209652965:-0.9829404481
-305.8970707:296.0806369:-641.1206703;-0.01799090206:0.9995582189:0.02365786191;-0.9874240329:-0.01212898863:-0.1576282551;0.157271672:0.02619621592:-0.9872060191
-330.2631647:295.9412807:-644.0628065;-0.01724622241:0.9991546221:0.03731767492;-0.9915697029:-0.01088613716:-0.1291162897;0.1286008923:0.03922984408:-0.9909191966
-354.7126341:295.8445013:-646.2733979;-0.01438860849:0.9986448429:0.05001445505;-0.995133336:-0.008578523428:-0.09816339666;0.09760131967:0.05118348619:-0.993908207
-379.2479051:295.807434:-647.6964544;-0.0107645569:0.9979839434:0.06254736702;-0.9978614746:-0.00627636922:-0.06506215968;0.06453842031:0.06311397321:-0.9959172917
-403.8521522:295.8123721:-648.282315;-0.007465469765:0.9970878905:0.07589469863;-0.9995351537:-0.005043102803:-0.03006731948;0.02959701538:0.07608388592:-0.996662047
-428.5037372:295.8328982:-647.9829015;-0.004208971842:0.995921747:0.09012301796;-0.9999650769:-0.004873647889:0.006789154791;-0.007200694757:0.09009129522:-0.9959074793
-453.1749958:295.8328118:-646.7599591;-0.001886619836:0.9943113812:0.1064956236;-0.9989937481:-0.006950819412:0.044307757;-0.04479593891:0.1063048703:-0.9933239671
-477.8141597:295.7367791:-644.6145276;-0.001060025479:0.9919819677:0.1263750454;-0.9966038097:-0.01245698599:0.08139821862;-0.08231981724:0.1258595675:-0.9886262129
-502.3634351:295.4596829:-641.5574708;-0.0009265768108:0.9887055192:0.1498684012;-0.9927635656:-0.02139910898:0.1181633658;-0.1200358222:0.1486744009:-0.9815706445
-526.7600812:294.9120648:-637.6064972;-0.001185584692:0.9841067905:0.177573701;-0.9874753878:-0.03435053005:0.15398831;-0.1576406922:0.175167093:-0.97182196
-550.9215716:293.9871013:-632.8066964;-0.00147501989:0.9776874466:0.2100597083;-0.9807282131:-0.05195420459:0.188342594;-0.1950536749:0.2057336733:-0.958922296
-574.7604335:292.573628:-627.2100032;-0.0008838729995:0.9689574188:0.2472260896;-0.9723398478:-0.07437474234:0.2214127774;-0.23292693:0.2401920776:-0.9422216469
-598.1842052:290.5663646:-620.8669759;0.001955494103:0.9575952048:0.2881103952;-0.9619878667:-0.1011516585:0.2536684575;-0.2720545428:0.2776547516:-0.9209971667
-621.0804705:287.8835686:-613.8226681;0.00838678441:0.9433656461:0.3316487896;-0.949224619:-0.1319055901:0.2856108156;-0.3131817609:0.3172045522:-0.8943596323
-643.3318245:284.4493817:-606.1207569;0.01945107846:0.9258686974:0.3773444191;-0.9334811935:-0.1669792422:0.3173811496;-0.3568619567:0.3584173244:-0.8610330903
-664.8182177:280.1999011:-597.7990674;0.02038429664:0.921271674:0.3883850965;-0.9140225027:-0.2052442283:0.3499109477;-0.4020768439:0.3621254065:-0.8378792819
-685.4090225:275.119044:-588.8720155;0.02570243515:0.9163181999:0.3996252511;-0.8900179157:-0.2455163965:0.3841741906;-0.4501403544:0.3655478453:-0.8092292452
-704.970967:269.2026828:-579.3481649;0.03611626292:0.9111845524:0.4104123866;-0.8604924334:-0.2880080562:0.4202429436;-0.5011209522:0.3683343578:-0.7736656381
-723.376167:262.4563133:-569.2317828;0.0523383991:0.9068177053:0.4182610924;-0.8246629596:-0.3313422946:0.4584138817;-0.5542854143:0.368917079:-0.7304770474
-740.5182913:254.9239239:-558.509951;0.07430331875:0.9043375123:0.4203007028;-0.7819021312:-0.3738386563:0.498872445;-0.6082737158:0.3657018935:-0.6793259753
-756.2963967:246.6591265:-547.1654547;0.1011188108:0.9042231597:0.4149162128;-0.731285082:-0.4150278142:0.5412707661;-0.6616313313:0.3581546928:-0.6192777884
-770.6234485:237.7206727:-535.1803133;0.1300862218:0.9072166726:0.4000443525;-0.673236508:-0.4529857195:0.5844283892;-0.7114175575:0.345350544:-0.5518441839
-783.4680467:228.1878748:-522.533482;0.157264814:0.913674153:0.3747897016;-0.609108983:-0.4856283214:0.6270178468;-0.7548984938:0.326895619:-0.4801548865
-794.8126999:218.1451851:-509.2031497;0.1792392904:0.9231536033:0.3400892553;-0.5395724745:-0.5121576134:0.6682485494;-0.7910753576:0.3032791969:-0.4063095069
-804.6541814:207.6811457:-495.1691448;0.191842046:0.9349532025:0.2984277779;-0.4674623713:-0.5310846984:0.7067021824;-0.819223895:0.2750789493:-0.3351710659
-813.0463235:196.9006594:-480.4178524;0.1922292181:0.9480261787:0.2535631917;-0.3962152503:-0.5415030489:0.741476853;-0.8402447089:0.2429991192:-0.271529722
-820.0572232:185.9127189:-464.9372968;0.180130459:0.9611928076:0.2089531153;-0.327346567:-0.5438279326:0.7727194865;-0.8563669534:0.2075904007:-0.2166831907
-825.7612152:174.8288737:-448.7197036;0.1562704885:0.9733779911:0.1676747471;-0.2630169861:-0.5385686679:0.8004785163;-0.8694725353:0.1691924754:-0.1718525568
-830.2575842:163.7709011:-431.774103;0.1223034227:0.9837361987:0.1315483342;-0.2049009808:-0.526444305:0.8251496724;-0.8809824734:0.1278730118:-0.1371825717
-833.6518528:152.8631349:-414.1137263;0.0802281898:0.9916485275:0.1009783913;-0.1532209895:-0.5082592815:0.8474643539;-0.8917099832:0.08346254007:-0.1111646465
-836.0481652:142.2256141:-395.7601438;0.06919747205:0.9944188392:0.07964221371;-0.1077869951:-0.4856117835:0.8675039823;-0.9013375005:0.06861347747:-0.07358231075
-837.5451542:131.9611982:-376.7682814;0.05597145803:0.9965038509:0.06202637328;-0.06815816481:-0.4598503479:0.8853768249;-0.9108042649:0.05378343557:-0.04218137926
-838.2400742:122.1684516:-357.2014038;0.04151023256:0.9980015521:0.04764244514;-0.03394507494:-0.4311552418:0.9016390017;-0.9203784131:0.03904447101:-0.01597988313
-838.2645234:112.9342102:-337.1334703;0.02798750575:0.9989336031:0.03671996931;-0.009383134552:-0.4014716475:0.9158233853;-0.9295887806:0.02597616067:0.001863061637
-837.8874733:104.298396:-316.6812194;-0.2586295675:0.9658504385:0.01561016502;0.001378193547:-0.3727198794:0.9279428819;-0.9020722582:-0.2400149801:-0.09506525237
-837.4122392:96.28920233:-295.972084;0.007816373619:0.9997182394:0.02241307848;-0.001401984599:-0.3446977677:0.9387126735;-0.9461739194:0.007368751767:0.001292696963
-837.087574:88.92342773:-275.1388997;0.001854634372:0.9998452853:0.01749187511;-0.01040253744:-0.3185314414:0.9478552147;-0.9532802798:0.001939884746:-0.00981016865
-836.9439821:82.17229114:-254.3361118;-0.0004354987466:0.9999043199:0.0138261136;-0.01835692626:-0.2954584482:0.9551792128;-0.9591728632:-0.0001621744021:-0.01848384165
-836.9574056:75.99561661:-233.7235684;0.0002795571258:0.9999377538:0.01115394375;-0.02536656316:-0.2752922156:0.9610258756;-0.9640366492:0.0005515988503:-0.02528802428
-837.0946161:70.34938043:-213.4530303;0.003569177215:0.9999505468:0.009282501552;-0.03017339588:-0.2581203847:0.965641462;-0.9679897109:0.003726630099:-0.02925062631
-837.2857035:65.17416787:-193.6439089;0.009123813012:0.9999261171:0.008032214526;-0.03130885719:-0.2442076891:0.9692173957;-0.9711073156:0.009094437743:-0.02907843871
-837.4515871:60.40671648:-174.4075288;0.01667514098:0.9998349717:0.00720895435;-0.0284474971:-0.2337210678:0.9718874433;-0.9734119389:0.01641143684:-0.02454547071
-837.5340733:55.98659304:-155.8339363;0.0256267029:0.9996496796:0.006617416805;-0.0244610035:-0.2257471557:0.9738787815;-0.9750314749:0.02511917085:-0.01866727902
-837.5585179:51.8646814:-137.9280671;0.03549201562:0.9993506197:0.006217376007;-0.02269094923:-0.2193704522:0.9753777348;-0.9761082523:0.03475919996:-0.01489031466
-837.5711637:47.99469467:-120.6735786;0.04629226128:0.9989095003:0.006069326253;-0.02341717909:-0.2148280812:0.9763711032;-0.9766102326:0.04534055272:-0.013446765
-837.6056766:44.3348641:-104.0312649;0.04457834623:0.9989889506:0.005817868005;-0.02468989646:-0.2107304224:0.9772323665;-0.9774703381:0.04370704533:-0.01527092003
-837.645414:40.86149351:-87.87046569;0.04241427594:0.9990854802:0.005406698055;-0.02423788802:-0.205529677:0.9783506921;-0.9785672079:0.04162708316:-0.01549832956
-837.6611563:37.55540488:-72.03765695;0.03985479286:0.9991936712:0.004858285726;-0.02193422147:-0.199283017:0.9796964678;-0.9798746842:0.0391521625:-0.01397415192
-837.6377638:34.40115197:-56.36996779;0.03665323224:0.9993189604:0.004260971455;-0.02041390884:-0.1911181527:0.9813547391;-0.9815007467:0.03605680624:-0.01339490813
-837.6164173:31.39821572:-40.66713973;0.03268038185:0.9994590195:0.00369607268;-0.02238575656:-0.1802954029:0.9833577404;-0.983492148:0.03221924583:-0.01648152369
-837.6523773:28.54980888:-24.71956736;0.02827887436:0.9995950046:0.003183091831;-0.02770279722:-0.1672603442:0.9855234813;-0.9856567539:0.02795767526:-0.02296164346
-837.7764771:25.8617264:-8.32832351;0.02365772335:0.9997167467:0.002595857972;-0.03166187368:-0.152423088:0.9878080421;-0.9879239109:0.02345147911:-0.0280469221
-837.9218401:23.35009198:8.662806228;0.01894170239:0.9998187948:0.001894596733;-0.03009538425:-0.1361728603:0.9902278627;-0.9903064209:0.01881362009:-0.02751058502
-837.9971624:21.03361157:26.39935804;0.01441953641:0.9998952928:0.001216733215;-0.02361631479:-0.1190303488:0.9926097147;-0.9926506095:0.01434170667:-0.02189747954
-837.9396817:18.93111217:45.00392234;0.01051488167:0.9999444532:0.0007265248996;-0.01740139677:-0.1018610134:0.9946464323;-0.9946651874:0.01047123209:-0.01632937367
-837.8008035:17.06190515:64.50730642;0.007371866834:0.9999727327:0.0004353302475;-0.01572119002:-0.0851779019:0.9962417223;-0.9962516379:0.007351005221:-0.01509284119
-837.6604749:15.44542299:84.9173718;0.004909294833:0.9999879146:0.0002635324151;-0.0180090895:-0.06894754463:0.9974577228;-0.9974638381:0.004901560024:-0.01767038803
-837.5442829:14.09769118:106.2226972;0.003012361986:0.9999954539:0.0001336545468;-0.01628053909:-0.05370777278:0.9984239677;-0.998426607:0.003009790374:-0.01611867782
-837.2603724:13.0211073:128.33473;0.001588312823:0.9999987379:3.757963441e-005;-0.003692796519:-0.03976980162:0.9992020447;-0.9992022782:0.001587184194:-0.003629624973
-836.5625281:12.21466195:151.1456349;-0.0008789532435:0.9999996132:3.100813821e-005;0.01886429815:-0.02681923533:0.9994622889;-0.9994627339:-0.0008790655673:0.018840718
-835.2793368:11.67244314:174.5431083;-0.0006747100195:0.9999997715:4.290572213e-005;0.04140988856:-0.01530959191:0.9990249434;-0.9990253719:-0.0006758288602:0.04139954956
-833.5385947:11.3689285:198.3969736;-0.0003124355852:0.9999999509:2.591023608e-005;0.0550351726:-0.005664399901:0.9984683492;-0.9984684469:-0.0003133830173:0.05503340014
-831.5429:11.27369304:222.572586;0.0001430211672:0.9999999897:-1.301378535e-005;0.06044228843:0.002373102601:0.9981688726;-0.9981688932:0.0001435458602:0.06044194841
-829.4783576:11.35391043:246.9439342;0.0005254635192:0.9999998608:-4.755787753e-005;0.05992684986:0.008708736932:0.9981647813;-0.9981650565:0.0005273491725:0.0599222654
-827.4650978:11.56714884:271.4195408;0.0007490389705:0.9999997175:-6.313198286e-005;0.05551227528:0.01316997854:0.9983711429;-0.9983716923:0.000751323493:0.05550239477
-825.6067572:11.86857506:295.9165618;0.0007852618993:0.9999996901:-5.670255603e-005;0.04717469585:0.01581840201:0.998761396;-0.9987619834:0.0007869641966:0.04716225964
-823.9998268:12.21530779:320.3634592;0.0006648797942:0.9999997783:-3.681163394e-005;0.03559394581:0.01689722261:0.999223476;-0.9992238764:0.0006656737704:0.0355827033
-822.7122144:12.57227314:344.7339177;0.0004510384725:0.9999998982:-1.581739625e-005;0.02147334389:0.0166194099:0.9996312774;-0.9996314385:0.0004512118168:0.02146584571
-821.804682:12.90634911:369.0129282;0.0002349881779:0.9999999724:-2.962255614e-006;0.004754018209:0.01496565409:0.9998767067;-0.9998767234:0.000234973288:0.004750501326
-821.3247986:13.1887131:393.1911901;-0.0002239723694:0.9999999749:-4.926741515e-006;-0.01299472441:0.01244864887:0.999838071;-0.9998381073:-0.0002240001234:-0.01299193593
-821.2673618:13.40774006:417.2822382;-0.0003031798742:0.9999999539:-1.393551261e-005;-0.03011859283:0.009599746452:0.9995002327;-0.9995003205:-0.0003034480729:-0.03011568099
-821.6139761:13.55610435:441.3053163;-0.0003013173406:0.9999999544:-2.115088504e-005;-0.04655542373:0.006425451992:0.9988950426;-0.9988951329:-0.0003019690862:-0.04655348551
-822.3366045:13.6296916:465.2793772;-0.0002036311007:0.9999999791:-1.872076004e-005;-0.06104933948:0.00334300772:0.9981291512;-0.9981291929:-0.0002043930277:-0.06104865747
-823.3686434:13.63723256:489.2222104;-5.547888667e-005:0.9999999984:-6.050787227e-006;-0.07235886156:0.000770715864:0.9973783641;-0.9973783672:-5.57712693e-005:-0.07235881869
-824.6338476:13.59066927:513.1513146;0.0001027184223:0.9999999946:1.247208609e-005;-0.08046192611:-0.001284778184:0.9967568549;-0.9967568656:0.0001033888196:-0.08046179371
-825.9837719:13.50243793:537.0701413;0.0002065632832:0.9999999784:2.382231911e-005;-0.0764555836:-0.002715943526:0.9970692892;-0.9970693323:0.0002077792553:-0.07645502093
-826.981173:13.38695143:560.9259529;0.0001753502917:0.9999999845:1.35217235e-005;-0.05124621543:-0.003423119243:0.9986801829;-0.9986802137:0.0001758117986:-0.05124561439
-827.1166074:13.25911685:584.6519647;1.842479383e-005:0.9999999998:1.278552476e-007;-0.00422745555:-0.003397343434:0.9999852932;-0.9999852935:1.842506336e-005:-0.004227392953
-826.0058448:13.13250873:608.2421949;-0.0001382677301:0.9999999904:1.012226785e-005;0.04867126545:-0.002842759953:0.9988108062;-0.9988108254:-0.0001385959666:0.04867087192
-823.7655057:13.0153716:631.9338734;-0.0001782908851:0.9999999838:2.418124581e-005;0.08974189378:-0.002002374035:0.995963043;-0.9959630753:-0.0001797412032:0.08974153532
-820.6374234:12.91461748:656.0250329;-0.000107428814:0.999999994:1.925860706e-005;0.1179795763:-0.0009234421948:0.9930155924;-0.9930156043:-0.0001089506097:0.1179794764
-816.9072339:12.83577567:680.6846077;1.532263632e-005:0.9999999999:-3.053925343e-006;0.1307777521:0.0001192130913:0.9914117032;-0.9914117035:1.559042647e-005:0.1307777503
-813.0357834:12.77884476:705.5651369;0.0001167306601:0.9999999929:-2.248979959e-005;0.1265465345:0.0009374810286:0.9919602289;-0.991960243:0.0001186381785:0.1265464241
-809.5277205:12.7424406:730.190061;0.0001644362772:0.9999999861:-2.614176902e-005;0.1049083675:0.001584739407:0.9944806298;-0.9944806574:0.0001662711828:0.1049081055
-806.7329331:12.72471243:754.1944752;0.000172360272:0.9999999849:-2.110811991e-005;0.081140111:0.002137592447:0.9967004129;-0.996700443:0.0001735042695:0.08113974134
-804.3822655:12.72194296:777.6600939;0.0001922749623:0.9999999813:-2.124064964e-005;0.07326772524:0.002636759623:0.9973088228;-0.9973088601:0.0001933137704:0.07326721689
-802.0518009:12.72994825:800.7802863;0.0002513458077:0.9999999679:-3.131767413e-005;0.08252759626:0.003064413763:0.9965840683;-0.9965841323:0.0002530717999:0.08252682338
-799.2560993:12.74482986:823.7234703;0.0004038752496:0.9999999158:-7.203580653e-005;0.1173814235:0.003487419588:0.9930807819;-0.9930809495:0.0004095364141:0.1173800051
-795.2636265:12.76383131:846.5582591;0.0007080527154:0.9999997288:-0.0002027471717;0.1848376752:0.003966501574:0.9827610598;-0.9827615975:0.0007333219529:0.1848348165
-789.281325:12.78448161:869.3283147;0.001149777271:0.9999992027:-0.0005221764775;0.2803790317:0.004457925569:0.9598790161;-0.9598805786:0.00125005441:0.2803736825
-780.7560388:12.80475051:892.0628785;0.001541039764:0.9999983255:-0.0009870397373;0.3707037592:0.004847508984:0.9287385125;-0.928741742:0.001797122319:0.3706956682
-770.0942183:12.82437087:914.7335098;0.001769727674:0.9999974501:-0.001402818156;0.432104826:0.005095977071:0.9018089877;-0.9018138369:0.002202120817:0.4320947057
-757.9422157:12.84351629:937.2973475;0.00188631972:0.9999967726:-0.001701963688;0.470064287:0.005243559363:0.8826166048;-0.8826226806:0.002464929454:0.4700528789
-744.8405115:12.86258474:959.7331667;0.001962526561:0.9999961976:-0.001937344935;0.4962550712:0.00537039752:0.8681601598;-0.8681672631:0.002665204622:0.4962426447
-730.9061011:12.88287162:982.1062864;0.002039199409:0.9999955378:-0.002183121899;0.5195284494:0.005536633221:0.8544352146;-0.8544434891:0.00287655772:0.5195148409
-716.1501083:12.9058967:1004.503662;0.002118094107:0.9999947849:-0.00243798375;0.5398961064:0.005739917817:0.841712093;-0.8417216973:0.003099083359:0.5398811332
-700.6675768:12.93316313:1027.042485;0.002191972953:0.9999941818:-0.002613738973;0.5496463881:0.00594495126:0.8353762659;-0.835386944:0.003267754366:0.549630159
-684.8892295:12.96610762:1049.960899;0.002258884828:0.9999940207:-0.002618402579;0.5418472691:0.00612186357:0.8404546744;-0.8404656786:0.003317264599:0.5418302006
-669.3297091:13.00615022:1073.527281;0.002307944487:0.9999943383:-0.002448838066;0.5169807578:0.006269804176:0.8559740566;-0.855984564:0.003241542764:0.5169633605
-654.4735239:13.05458615:1097.874437;0.002332290071:0.9999948541:-0.002202784216;0.4834098384:0.006425718166:0.875370572;-0.8753802219:0.003106465656:0.4833923641
-640.6846438:13.11221105:1122.59288;0.002344261458:0.9999953259:-0.001962819469;0.448144744:0.006638451091:0.893936362;-0.8939452138:0.002975247788:0.4481270871
-628.2969045:13.17969572:1147.137548;0.002335693231:0.9999958129:-0.001708405318;0.4086578825:0.006923914017:0.9126613799;-0.9126693874:0.002829850307:0.4086399993
-617.3115588:13.25761372:1171.16227;0.002380035947:0.9999958733:-0.001608958452;0.3859822878:0.007296009918:0.9224773394;-0.9224852716:0.002816558692:0.3859633302
-606.3995297:13.34614982:1195.116429;0.002597817495:0.9999948507:-0.001884139553;0.4062032835:0.007726735982:0.9137500698;-0.9137599228:0.00313909959:0.4061811191
-593.8991574:13.44539155:1219.648298;0.002909825288:0.9999924842:-0.002562116592;0.4628962079:0.008132999124:0.8863751773;-0.8863893532:0.00376519096:0.4628690633
-578.223326:13.5554498:1245.108546;0.003155616032:0.9999880502:-0.003733849565;0.5475097689:0.008555825234:0.8367555502;-0.8367774973:0.004684798341:0.5474762274
-558.0830935:13.67652871:1270.657433;0.003032604124:0.9999803348:-0.005489377228;0.6523450698:0.009012041988:0.7578685196;-0.7579030865:0.005879283369:0.6523049113
-532.2640616:13.80885574:1295.157619;0.002119015925:0.9999692185:-0.00755459329;0.7609874792:0.009360637209:0.6486990326;-0.6487497805:0.007123554485:0.7609442195
-500.3018898:13.95282126:1317.730494;0.0008489418207:0.9999589466:-0.009021326547;0.8330394013:0.009584822126:0.5531306238;-0.5531943838:0.007984696185:0.8329970653
-464.7324679:14.10946731:1338.532397;7.903783925e-005:0.9999514858:-0.009849863945;0.8632983535:0.009895895933:0.5045968927;-0.5046698858:0.008543253574:0.8632556891
-428.8417439:14.27999882:1357.978397;-6.047333947e-005:0.9999451399:-0.01047441832;0.8678988102:0.01043962783:0.4966313214;-0.4967134252:0.009060702242:0.8678518286
-395.3530919:14.4658307:1376.393633;0.000166528512:0.9999379045:-0.01114267988;0.860949675:0.01124080105:0.5085659263;-0.5086595994:0.00967797735:0.8608943421
-364.7395914:14.66921777:1393.743519;0.0003920993265:0.9999276573:-0.01202191738;0.8548927291:0.01225946335:0.5186599341;-0.5187697951:0.01048081597:0.8548260769
-336.9117486:14.89262479:1409.903534;0.0006103471705:0.9999129302:-0.01318178599;0.8501183557:0.01355925209:0.5264170666;-0.5265499667:0.0115273754:0.8500360602
-311.695265:15.13859217:1424.748509;0.0007012306392:0.9998911524:-0.01473742452;0.8496512877:0.0151717984:0.5271266506;-0.5272928674:0.01289130908:0.8495481663
-288.5766254:15.40996278:1438.150681;0.0004178094372:0.9998583879:-0.01682348464;0.8575119822:0.01707311655:0.5141806191;-0.5143950342:0.01464116918:0.8573834148
-266.95751:15.7096551:1449.981633;-0.0005377918409:0.9998093206:-0.01952007173;0.8749080662:0.01922153542:0.4839074378;-0.4841903724:0.01681802674:0.8747515764
-246.2647145:16.04037192:1460.118499;-0.002516914341:0.9997386031:-0.02272422764;0.9002271047:0.02150717495:0.434889183;-0.4352642383:0.01936238683:0.9000459198
-226.0254972:16.40395318:1468.460599;-0.005855395798:0.9996428819:-0.02607341693;0.9297768972:0.023758896:0.3673560076;-0.3678442937:0.02209144587:0.9295839747
-205.7922314:16.80202311:1474.912798;-0.01073560198:0.9995246579:-0.02889991468;0.9589472195:0.02573749243:0.2824142553;-0.2830238233:0.02468160579:0.958767699
-185.1878314:17.2356923:1479.392782;-0.01672085045:0.9993938754:-0.03053350708;0.9817337852:0.02732623255:0.188287153;-0.1890073933:0.02682745415:0.98159565
-164.117374:17.70401676:1481.869512;-0.02315472546:0.9992602849:-0.03070409991;0.9952987729:0.02855094579:0.09254834456;-0.09335651624:0.02841682145:0.9952236247
-142.5564762:18.20553882:1482.324769;-0.02948380455:0.999134772:-0.02933279234;0.9995663723:0.02938751243:-0.001855133867;0.0009915109537:0.02937476923:0.9995679751
-120.5188711:18.73815774:1480.756777;-0.03515489247:0.9990254196:-0.02668978334;0.9954309735:0.02989229934:-0.09068421854;0.08979802048:0.02975583096:0.9955117065
-98.17075501:19.29720036:1477.229541;-0.039933044:0.9989336217:-0.02317264596;0.9845829588:0.03016036314:-0.172298432;0.1714158012:0.02969579319:0.984737416
-75.71643974:19.87735041:1471.823507;-0.04380336364:0.9988590299:-0.01902376976;0.9683113345:0.0302374866:-0.247908963;0.2470508753:0.02928017834:0.9685310238
-53.35102775:20.47276297:1464.632475;-0.04659640964:0.998808415:-0.01450947004;0.9480022917:0.03008127357:-0.316838716;0.3160247124:0.02851855745:0.9482743457
-31.23278342:21.07547851:1455.80366;-0.04821400578:0.9987876259:-0.009934180319;0.925136344:0.02965643139:-0.3784748882;0.3777214228:0.02743826171:0.9254445881
-9.510761595:21.67700883:1445.497625;-0.0487832081:0.9987943694:-0.005477788667;0.9003961158:0.02899458002:-0.4341038459;0.4334216508:0.02610915789:0.9007250194
11.69128295:22.26864115:1433.879882;-0.04825012383:0.9988342959:-0.001405271048;0.8751326141:0.0280358215:-0.4830702853;0.4824677704:0.02453799961:0.8754652003
32.35079586:22.8407643:1421.135715;-0.04661702735:0.9989108488:0.001992226794;0.8510437274:0.0267296099:-0.5244140558;0.5238961411:0.02275115227:0.8513628671
52.47052284:23.38354252:1407.455357;-0.04406727293:0.9990179181:0.00461246738;0.8288486335:0.02509940315:-0.5589096194;0.5584764946:0.02080658546:0.8291406985
72.0676445:23.88729743:1393.02482;-0.04072290399:0.9991501549:0.006372838345;0.8094424707:0.02314283718:-0.5867429553;0.5863918003:0.01873543102:0.8096970136
91.21708091:24.34298029:1378.013249;-0.03669360027:0.9993003457:0.007238706927;0.7937510251:0.0208599987:-0.6078849979;0.6076106879:0.01655975808:0.7939611022
110.008187:24.74169974:1362.585571;-0.03207597499:0.9994589687:0.007273353791;0.7822347349:0.01825954317:-0.6227161542;0.6225120534:0.01428475781:0.782397214
128.5298661:25.0750881:1346.896637;-0.02699829342:0.9996133815:0.006646779973;0.7745868767:0.01539018905:-0.6322802484;0.6321380923:0.01192197913:0.7747029159
146.8692141:25.33687233:1331.060986;-0.02156034602:0.9997522068:0.005538626695;0.7703761698:0.01230149368:-0.6374709642;0.6373811366:0.009477268548:0.7704505004
165.1128756:25.52130307:1315.18308;-0.01576016525:0.9998674904:0.004076627912;0.7697066156:0.008993369637:-0.6383344305;0.6382865077:0.006922448638:0.7697463591
183.339808:25.62343583:1299.35607;-0.00973813834:0.9999495205:0.002474906903;0.7715364916:0.005554495725:-0.6361608206;0.6361424544:0.004285541089:0.7715516352
201.5982215:25.64154557:1283.627868;-0.0036433195:0.9999929614:0.0008963516166;0.7747821318:0.002076606763:-0.6322249094;0.6322223207:0.001608920124:0.7747842441
219.9286394:25.57471215:1268.035075;0.00252381694:0.9999966403:-0.0005914263395;0.7794198995:-0.001437224943:-0.6265002431;0.6264989883:-0.001120202468:0.7794209082
238.3638257:25.42294207:1252.605384;0.008568506932:0.9999614893:-0.00189753002;0.7844973223:-0.004875487957:-0.6201130388;0.6200984092:-0.003824835651:0.7845088865
256.905507:25.18994852:1237.330863;0.01429042761:0.9998933956:-0.002996854149;0.7890910478:-0.008126543941:-0.6142224984;0.6141813736:-0.006412711368:0.789123059
275.547651:24.88037137:1222.194672;0.01968007166:0.9997986504:-0.003918348803;0.7932096986:-0.0111871171:-0.6088458117;0.6087670558:-0.008874056932:0.7932701495
294.2798996:24.49966277:1207.175045;0.02455940863:0.9996873786:-0.004688343527;0.7963681654:-0.01395786724:-0.6046510755;0.6045274879:-0.01111622531:0.7964620006
313.0745937:24.056524:1192.2305;0.02875411809:0.9995721524:-0.005358427993;0.7980937439:-0.01634071399:-0.6023116777;0.6021415406:-0.01304241325:0.7982221442
331.8997488:23.56046861:1177.314627;0.03226303731:0.9994615035:-0.0059832589;0.7984049294:-0.01833503052:-0.6018416696;0.6016272832:-0.01464017684:0.798566535
350.7224463:23.02143675:1162.379406;0.03499190455:0.9993658176:-0.006597668059;0.7971701144:-0.0198876047:-0.6034271223;0.6031756513:-0.01585560046:0.7973604683
369.5060309:22.45107489:1147.370374;0.03684484711:0.9992949024:-0.007221855203;0.7942432333:-0.02094519453:-0.6072388205;0.6069619211:-0.01663771188:0.7944549369
388.2129132:21.86145608:1132.231458;0.03781706622:0.9992537638:-0.007860340277;0.7895997859:-0.02150740238:-0.6132451466;0.6129565764:-0.01698460932:0.7898239048
406.8045817:21.26447964:1116.906401;0.03794393447:0.9992436371:-0.008509497163;0.7831432053:-0.02159788161:-0.6214662111;0.6211799443:-0.01691671831:0.7833703734
425.2388359:20.67134992:1101.338218;0.03725962347:0.999263766:-0.00914584414;0.7747580198:-0.0212403192:-0.6319009888;0.6316300224:-0.01645857682:0.7749790229
443.4725534:20.09309756:1085.469741;0.03575773773:0.999313312:-0.00971023204;0.7643699368:-0.02043472749:-0.6444540492;0.6442099363:-0.01562200942:0.7645757528
461.4572864:19.5399438:1069.244229;0.03363212698:0.9993822004:-0.01020281983;0.7516256907:-0.01929569195:-0.6593075893;0.6590971398:-0.01450521506:0.7518102918
479.1232853:19.01887239:1052.606657;0.03107109294:0.9994607232:-0.01062309014;0.7361125974:-0.01793446288:-0.6766214591;0.6764470923:-0.01320357777:0.7362728723
