0.101555172:13.60512603:16.81067183;-0.002589599842:0.9919076052:-0.1269354038;-0.0202316244:-0.1269618161:-0.9917012547;0.9917012547:0:-0.0202316244
0.1799726887:12.48824924:6.222964341;0.006643327258:0.9959451953:-0.08971640955;0.07354646637:-0.08996203611:-0.9932259307;0.9932259307:-0:0.07354646637
1.160224597:11.57694573:-5.85605379;0.008484509659:0.9978867162:-0.06442138356;0.1302997708:-0.06497770052:-0.9893431499;0.9893431499:-0:0.1302997708
2.840105194:10.84486389:-19.17497892;0.007816430494:0.998865834:-0.04696753161;0.1639779678:-0.0476135024:-0.9853142547;0.9853142547:-0:0.1639779678
5.017408779:10.26565212:-33.48240742;0.006428413047:0.9993762094:-0.03472560453;0.1819139919:-0.03531560709:-0.9826800636;0.9826800636:-0:0.1819139919
7.48992965:9.812958782:-48.52693563;0.004999549511:0.9996462569:-0.02612212757;0.1879129232:-0.02659625996:-0.9818255305;0.9818255305:-0:0.1879129232
10.05546211:9.460432281:-64.05715994;0.003782990009:0.9997881544:-0.02023203424;0.1837559929:-0.02058266802:-0.9827563731;0.9827563731:-0:0.1837559929
12.53892042:9.186888432:-79.84829737;0.002733684282:0.9998767485:-0.01546010035;0.1740993582:-0.01569992779:-0.984602928;0.984602928:-0:0.1740993582
14.87369879:8.991812777:-95.78204773;0.001743551471:0.9999428087:-0.01055174281;0.1630182833:-0.01069482343:-0.9865650815;0.9865650815:-0:0.1630182833
17.02031138:8.879858293:-111.7667315;0.0008239027628:0.9999849813:-0.005418329346;0.1503281711:-0.00548061207:-0.9886209607;0.9886209607:-0:0.1503281711
18.93927237:8.855677952:-127.7106692;-4.769462242e-006:0.9999999994:3.479853367e-005;0.1357897994:3.512386248e-005:-0.9907376692;0.9907376692:-0:0.1357897994
20.59109593:8.923924731:-143.5221813;-0.0007092767205:0.9999822666:0.005912986303;0.1190964888:0.005955374084:-0.9928648246;0.9928648246:-0:0.1190964888
21.93629622:9.089251605:-159.1095882;-0.001238236552:0.9999231262:0.01233727635;0.09985607927:0.01239925874:-0.9949246312;0.9949246312:-0:0.09985607927
22.93538742:9.356311547:-174.3812105;-0.001513502918:0.9998096867:0.0194499281;0.07756605278:0.0195087261:-0.9967963268;0.9967963268:-0:0.07756605278
23.54888369:9.729757532:-189.2453686;-0.001416748141:0.9996229882:0.02742032552;0.05157952809:0.02745690126:-0.9982913757;0.9982913757:-0:0.05157952809
23.73729922:10.21424254:-203.6103831;-0.0007683025665:0.9993351648:0.03645048748;0.02105928683:0.03645858371:-0.9991132459;0.9991132459:-0:0.02105928683
23.46114816:10.81441953:-217.3845744;0.0007064080376:0.9989050683:0.04677783186;-0.01508308732:0.04678316541:-0.9987911873;0.9987911873:0:-0.01508308732
22.6809447:11.5349415:-230.476263;0.003430074684:0.9982715861:0.0586692001;-0.05826411446:0.05876938364:-0.9965698433;0.9965698433:0:-0.05826411446
21.357203:12.38046141:-242.7937693;0.008056632225:0.9973437274:0.07239185102;-0.1103152805:0.07283879061:-0.9912240158;0.9912240158:0:-0.1103152805
19.45980847:13.35289751:-254.2667306;0.0150810694:0.9960911419:0.08703446668;-0.170065445:0.08833140463:-0.9814658972;0.9814658972:0:-0.170065445
16.99613149:14.44322916:-264.9100503;0.02455099713:0.9945698294:0.1011340847;-0.2346243349:0.1040713916:-0.9664991293;0.9664991293:0:-0.2346243349
13.98291367:15.63970099:-274.7599486;0.9480336862:0.1380006686:-0.2866844003;-0.3032959389:0.1196947399:-0.9453490058;0.9453490058:0:-0.3032959389
10.43689663:16.93055763:-283.8526457;0.2058200647:-0.9525914565:-0.2240705648;-0.3749295657:0.1347394034:-0.9172094166;0.9172094166:0:-0.3749295657
6.374821973:18.30404372:-292.2243617;-0.8420029233:-0.4017425377:0.3600472337;-0.44792479:0.1486720265:-0.8816235086;0.8816235086:0:-0.44792479
1.813431324:19.74840387:-299.9113169;-0.3778000312:0.8373586459:0.3950919317;-0.5203359081:0.1609399646:-0.8386589715;0.8386589715:0:-0.5203359081
-3.230533707:21.25188274:-306.9497313;0.6796899513:0.6326553462:-0.3711721743;-0.5900808704:0.1710418618:-0.7890179009;0.7890179009:0:-0.5900808704
-8.740331504:22.80272494:-313.3758252;0.4742027909:-0.6591388678:-0.5836674276;-0.655216048:0.178599386:-0.7340260144;0.7340260144:0:-0.655216048
-14.69922045:24.3891751:-319.2258187;-0.495319037:-0.8143011785:0.3026097195;-0.7142009834:0.1834080108:-0.6754838688;0.6754838688:0:-0.7142009834
-21.09045894:25.99947787:-324.535932;-0.4989536652:0.432001777:0.751278713;-0.7660735942:0.1854509521:-0.6154179008;0.6154179008:0:-0.7660735942
-27.89730535:27.62187786:-329.3423852;0.3205442833:0.9341832708:-0.1566939021;-0.8104927335:0.1848749131:-0.5558082362;0.5558082362:0:-0.8104927335
-35.10301807:29.24461972:-333.6813986;0.4714692578:-0.1724426091:-0.8648585349;-0.8476587553:0.1819402748:-0.4983697131;0.4983697131:0:-0.8476587553
-42.68694681:30.85801257:-337.5818786;-0.1754738092:-0.9833522233:-0.04719477957;-0.8787465684:0.1780606107:-0.4428305404;0.4428305404:0:-0.8787465684
-50.61280654:32.46062359:-341.0434765;-0.4084185567:-0.1008704468:0.9072041862;-0.9049849497:0.17447985:-0.3880193588;0.3880193588:0:-0.9049849497
-58.84040359:34.05308446:-344.0585303;0.07515651648:0.9565033399:0.2818738348;-0.9269128254:0.1712383057:-0.3339312156;0.3339312156:0:-0.9269128254
-67.32954426:35.63602684:-346.6193774;0.3241697401:0.3670213274:-0.8718998365;-0.9449819515:0.1683589655:-0.2804716922;0.2804716922:0:-0.9449819515
-76.04003486:37.2100824:-348.7183558;-0.02515399634:-0.8553216221:-0.5174864241;-0.9595540513:0.1658519095:-0.2274844319;0.2274844319:0:-0.9595540513
-84.93168169:38.77588284:-350.347803;-0.2387554584:-0.6051776455:0.7594444341;-0.9709022251:0.1637176624:-0.1747724131;0.1747724131:0:-0.9709022251
-93.96429107:40.33405981:-351.5000569;0.0232170571:0.6875948529:0.7257232851;-0.9792141891:0.1619495645:-0.1221143335;0.1221143335:0:-0.9792141891
-103.0976693:41.88524499:-352.1674552;0.1706925375:0.7966944936:-0.5797774932;-0.9845958745:0.1605352925:-0.06927758526;0.06927758526:0:-0.9845958745
-112.2916227:43.43007007:-352.3423354;-0.06100714364:-0.4663573402:-0.8824902037;-0.9870746261:0.1594576619:-0.01602924033;0.01602924033:0:-0.9870746261
-121.5059576:44.9691667:-352.0170355;-0.1355853925:-0.9265981497:0.3507598471;-0.9866017695:0.1586948281:0.03785366535;-0.03785366535:0:-0.9866017695
-130.7004802:46.50316657:-351.1838931;-0.1570476959:-0.4664514045:-0.8704936005;-0.9830547307:0.1582199832:0.09257339399;-0.09257339399:0:-0.9830547307
-139.8349969:48.03270135:-349.8352459;0.03742691926:0.7970245499:-0.6027861085;-0.9762392711:0.1580006394:0.1482993036;-0.1482993036:0:-0.9762392711
-148.8688586:49.55876235:-347.9667172;0.2561461388:0.6880219937:0.6789807742;-0.9660717386:0.1581690596:0.2041762582;-0.2041762582:0:-0.9660717386
-157.7595941:51.08377941:-345.5870725;0.1134597845:-0.6056618812:0.7875916219;-0.9526054957:0.1588881192:0.2594172992;-0.2594172992:0:-0.9526054957
-166.4642772:52.61054202:-342.7083627;-0.2901422609:-0.8561369063:-0.4276062045;-0.9357328003:0.1601625128:0.314248462;-0.314248462:0:-0.9357328003
-174.9399811:54.14183965:-339.3426388;-0.2909841719:0.3674184054:-0.8833639834;-0.9152572844:0.1619911997:0.3688671232;-0.3688671232:0:-0.9152572844
-183.1437796:55.68046177:-335.5019519;0.247024873:0.9576390247:0.1480074676;-0.8908955064:0.1643659353:0.4234253605;-0.4234253605:0:-0.8908955064
-191.032746:57.22919787:-331.1983529;0.4673036549:-0.1009985586:0.878308935;-0.8622803255:0.1672688212:0.4780102317;-0.4780102317:0:-0.8622803255
-198.563954:58.79083743:-326.4438929;-0.1235844716:-0.9846602638:0.1231707888;-0.828968137:0.1706688198:0.5326199224;-0.5326199224:0:-0.828968137
-205.694477:60.36816992:-321.2506228;-0.6116138805:-0.1726783992:-0.772082011;-0.7904529305:0.174517257:0.5871353265;-0.5871353265:0:-0.7904529305
-212.3813886:61.96398483:-315.6305937;-0.0735291632:0.9352610503:-0.3462372451;-0.7461910551:0.1787425146:0.6412877846;-0.6412877846:0:-0.7461910551
-218.5817622:63.58107163:-309.5958565;0.6916507859:0.4321837214:0.5786505174;-0.6956411782:0.1832444332:0.6946256754;-0.6946256754:0:-0.6956411782
-224.2526715:65.22221979:-303.1584623;0.3246199857:-0.8135998207:0.4823662474;-0.638323587:0.1878894255:0.7464854735;-0.7464854735:0:-0.638323587
-229.3511899:66.89021881:-296.330462;-0.677653975:-0.6573793809:-0.3296019414;-0.5739007623:0.1925079032:0.7959765212;-0.7959765212:0:-0.5739007623
-233.8397292:68.58580611:-289.1313007;-0.5922695509:0.6296051652:-0.5028062401;-0.504785611:0.1964513515:0.8405940479;-0.8405940479:0:-0.504785611
-237.7020543:70.30151097:-281.6099993;0.5494802953:0.8314054043:0.08268288062;-0.4337187265:0.1992567029:0.8787404808;-0.8787404808:0:-0.4337187265
-240.9272685:72.02781064:-273.822973;0.8194099662:-0.3979668818:0.412540505;-0.3608821631:0.2009923636:0.9106954124;-0.9106954124:0:-0.3608821631
-243.5044748:73.75518235:-265.8266366;-0.3199589978:-0.9415989153:0.1049653391;-0.2863054136:0.2017032476:0.9366669686;-0.9366669686:0:-0.2863054136
-245.4227766:75.47410334:-257.6774054;-0.9612867354:0.1361515591:-0.2395632802;-0.2099070776:0.2014062617:0.9567520768;-0.9567520768:0:-0.2099070776
-246.6712768:77.17505085:-249.4316942;0.02686295471:0.9797779857:-0.1982762727;-0.1315409596:0.2000877274:0.9709077594;-0.9709077594:0:-0.1315409596
-247.2390788:78.84850211:-241.1459181;0.01029536513:0.9802620749:-0.197434217;-0.05104719353:0.1977024648:0.97893203;-0.97893203:0:-0.05104719353
-247.1152858:80.48493436:-232.8764922;-0.006272729446:0.9809669621:-0.1940733677;0.03168971002:0.194174713:0.9804549674;-0.9804549674:0:0.03168971002
-246.2890008:82.07482485:-224.6798314;-0.02250559612:0.9818997125:-0.1880597053;0.116673998:0.1894015697:0.9749431899;-0.9749431899:0:0.116673998
-244.749327:83.6086508:-216.6123508;-0.03797743954:0.9830644591:-0.1792818544;0.2037228414:0.1832601136:0.9617238349;-0.9617238349:0:0.2037228414
-242.4853678:85.07688946:-208.7304654;-0.05215929211:0.9844580919:-0.1676951805;0.2923854703:0.175619661:0.9400364203;-0.9400364203:0:0.2923854703
-239.4862261:86.47001807:-201.0905903;-0.06442547562:0.9860650144:-0.1533790907;0.3818679335:0.1663604141:0.9091210558;-0.9091210558:0:0.3818679335
-235.7510647:87.78121654:-193.742478;-0.07391127097:0.9877120465:-0.1377027133;0.4671157451:0.1562847184:0.8702746506;-0.8702746506:0:0.4671157451
-231.319284:89.01447552:-186.7092312;-0.08049927218:0.9892122811:-0.1223884392;0.5435957808:0.146489122:0.8264651016;-0.8264651016:0:0.5435957808
-226.2403436:90.17648833:-180.0072902;-0.08472140268:0.9905359912:-0.1079848792;0.6114216488:0.1372532339:0.7793106679;-0.7793106679:0:0.6114216488
-220.5637033:91.27394831:-173.653095;-0.08714532963:0.991674155:-0.09480538875;0.6711039707:0.1287725523:0.7300938914;-0.7300938914:0:0.6711039707
-214.3388231:92.31354876:-167.6630861;-0.08830170774:0.9926317394:-0.08297613062;0.7233712622:0.1211702515:0.6797439129;-0.6797439129:0:0.7233712622
-207.6151626:93.30198303:-162.0537036;-0.08864808378:0.9934216462:-0.0724910349;0.7690326383:0.1145138983:0.6288683235;-0.6288683235:0:0.7690326383
-200.4421816:94.24594443:-156.8413878;-0.08855876656:0.9940601368:-0.06325969693;0.8088851655:0.1088321845:0.577806494;-0.577806494:0:0.8088851655
-192.86934:95.15212629:-152.0425788;-0.08832962371:0.9945637781:-0.05514316614;0.8436580768:0.1041292043:0.5266860148;-0.5266860148:0:0.8436580768
-184.9460975:96.02722193:-147.6737169;-0.0881895399:0.994947608:-0.047977728;0.873983075:0.1003955045:0.4754727409;-0.4754727409:0:0.873983075
-176.7219139:96.87792469:-143.7512423;-0.08831340354:0.9952241485:-0.04158890545;0.9003808988:0.09761605555:0.4240110172;-0.4240110172:0:0.9003808988
-168.2462489:97.71092788:-140.2915953;-0.0888338756:0.9954029461:-0.03579828945;0.9232566128:0.09577564921:0.3720540981;-0.3720540981:0:0.9232566128
-159.5685625:98.53292483:-137.3112161;-0.08985067111:0.9954904065:-0.03042544202;0.9428983658:0.09486227185:0.319286425;-0.319286425:0:0.9428983658
-150.7357754:99.35085296:-134.8247462;-0.0914231142:0.9954902109:-0.02531904808;0.9593787338:0.0948643242:0.2656938182;-0.2656938182:0:0.9593787338
-141.7846528:100.172626:-132.8396323;-0.09359457981:0.9954024637:-0.02034674081;0.9726835594:0.09578066209:0.2114539145;-0.2114539145:0:0.9726835594
-132.749421:101.0064018:-131.3615223;-0.096403476:0.9952239886:-0.01534869345;0.9828449746:0.09761768578:0.1564817665;-0.1564817665:0:0.9828449746
-123.6643062:101.8603382:-130.3960642;-0.09986529488:0.9949491167:-0.01015766179;0.989842006:0.100380552:0.1006804249;-0.1006804249:0:0.989842006
-114.5635346:102.7425929:-129.9489059;-0.1039708446:0.9945697112:-0.004599244206;0.9935980425:0.1040725208:0.04395270671;-0.04395270671:0:0.9935980425
-105.4813325:103.661324:-130.0256955;-0.1086831569:0.9940752985:0.001507391432;0.9939796993:0.1086936099:-0.01378609644;0.01378609644:-0:0.9939796993
-96.45192619:104.624689:-130.6320809;-0.1139331224:0.9934533505:0.008347699769;0.9907974802:0.1142385244:-0.07259416511;0.07259416511:-0:0.9907974802
-87.50954184:105.640846:-131.77371;-0.1196140928:0.992689778:0.01610817746;0.9838089571:0.1206938465:-0.1324874762;0.1324874762:-0:0.9838089571
-78.68840573:106.7179528:-133.4562308;-0.1255759654:0.9917697125:0.02497026992;0.9727254986:0.1280345166:-0.1934225088;0.1934225088:-0:0.9727254986
-70.02274409:107.8641671:-135.6852913;-0.1316196416:0.9906786489:0.03510106239;0.9572238135:0.1362197293:-0.2552778019;0.2552778019:-0:0.9572238135
-61.54678317:109.0876468:-138.4665394;-0.1374932281:0.9894040116:0.04664026213;0.9369636526:0.1451885045:-0.3178355106;0.3178355106:-0:0.9369636526
-53.29474923:110.3965497:-141.8056231;-0.1428918388:0.9879371471:0.05968346396;0.9116127678:0.1548553953:-0.3807649775;0.3807649775:-0:0.9116127678
-45.30221656:111.7977094:-145.7016293;-0.1474172538:0.9863084392:0.07391763019;0.881680513:0.1649110753:-0.4420902739;0.4420902739:-0:0.881680513
-37.61015172:113.2926616:-150.127401;-0.1508599638:0.9845395942:0.08901156582;0.8479433849:0.1751621749:-0.5003101323;0.5003101323:-0:0.8479433849
-30.26086934:114.8816182:-155.0492201;-0.1531276167:0.98261217:0.1050012206;0.8103900228:0.1856699311:-0.5556929796;0.5556929796:-0:0.8103900228
-23.29668403:116.5647907:-160.4333685;-0.154075403:0.9805071739:0.1219280613;0.7688798397:0.1964832866:-0.6084555121;0.6084555121:-0:0.7688798397
-16.75991042:118.3423907:-166.2461281;-0.153497233:0.978206616:0.1398228019;0.7231576521:0.2076338519:-0.6587345397;0.6587345397:-0:0.7231576521
-10.69286311:120.2146298:-172.4537808;-0.1511188237:0.9756957876:0.1586846911;0.6728715736:0.2191294824:-0.7065593502;0.7065593502:-0:0.6728715736
-5.13785674:122.1817196:-179.0226086;-0.1465945213:0.9729665515:0.178454857;0.6175968381:0.2309460753:-0.7518231546;0.7518231546:-0:0.6175968381
-0.1372059165:124.2438718:-185.9188934;-0.1395112972:0.9700219159:0.1989826139;0.556869533:0.2430174535:-0.7942536374;0.7942536374:-0:0.556869533
4.266774737:126.401298:-193.1089171;-0.1294052735:0.9668820286:0.2199850405;0.4902351457:0.2552237113:-0.8333848805;0.8333848805:-0:0.4902351457
8.031770601:128.6542097:-200.5589616;-0.1157978983:0.9635913693:0.2410031529;0.4173167808:0.267379268:-0.8685361429;0.8685361429:-0:0.4173167808
11.11546706:131.0028185:-208.2353088;-0.09825928961:0.960226233:0.2613631449;0.3379058615:0.2792231751:-0.8988070134;0.8988070134:-0:0.3379058615
13.47554948:133.4473362:-216.1042406;-0.07650315226:0.9569005491:0.2801581817;0.2520727435:0.2904158038:-0.923102374;0.923102374:-0:0.2520727435
15.08066249:135.9833873:-224.1309108;-0.05144992402:0.954234175:0.2946015014;0.1641650693:0.2990604275:-0.9400067504;0.9400067504:-0:0.1641650693
15.94328762:138.588249:-232.2759598;-0.02516080425:0.9527680056:0.3026550204;0.07893474611:0.3036990738:-0.94949259;0.94949259:-0:0.07893474611
16.08686561:141.2346111:-240.4989;0.0009481512901:0.9524710549:0.3046276262;-0.002964544931:0.3046291018:-0.9524664413;0.9524664413:0:-0.002964544931
15.53483723:143.8951639:-248.7592435;0.02574641828:0.9532590301:0.3010553829;-0.08122672963:0.302154301:-0.9497920808;0.9497920808:0:-0.08122672963
14.31064324:146.5425974:-257.0165028;0.04838144558:0.9550175779:0.2925759074;-0.1558093279:0.2965491964:-0.9422218568;0.9422218568:0:-0.1558093279
12.4377244:149.1496016:-265.2301902;0.06823337474:0.9576189818:0.2798394043;-0.2268505418:0.2880379933:-0.9303617286;0.9303617286:0:-0.2268505418
9.939521462:151.6888667:-273.3598178;0.08485514824:0.9609319334:0.2634566817;-0.2945971923:0.2767847888:-0.9146598685;0.9146598685:0:-0.2945971923
6.839475192:154.1330826:-281.364898;0.09791316889:0.9648253973:0.2439773842;-0.3593463614:0.2628915226:-0.8954095375;0.8954095375:0:-0.3593463614
3.161026346:156.4549396:-289.2049431;0.1071364714:0.9691679892:0.2218900294;-0.4213995736:0.2464009104:-0.8727594117;0.8727594117:0:-0.4213995736
-1.072384316:158.6271276:-296.8394653;0.1122775653:0.973824169:0.1976366265;-0.4810265698:0.2273026349:-0.8467272001;0.8467272001:0:-0.4810265698
-5.837316036:160.6223367:-304.227977;0.1130856823:0.9786482845:0.17163672;-0.5384353608:0.2055420522:-0.8172146762;0.8172146762:0:-0.5384353608
-11.11032805:162.413257:-311.3299904;0.1092924641:0.9834773028:0.1443175395;-0.5937456889:0.181031475:-0.7840240187;0.7840240187:0:-0.5937456889
-16.86304009:163.9799698:-318.1078418;0.1020045798:0.9877365541:0.1182013762;-0.6453200017:0.1561297526:-0.7477871327;0.7477871327:0:-0.6453200017
-23.04731379:165.3321206:-324.5351624;0.09305694781:0.9910760763:0.09543906689;-0.6918850474:0.1332974532:-0.7095962727;0.7095962727:0:-0.6918850474
-29.61007127:166.4867465:-330.5884078;0.08313173293:0.993647853:0.07584892356;-0.7340317369:0.1125341914:-0.6697264106;0.6697264106:0:-0.7340317369
-36.49823466:167.4608843:-336.2440331;0.07276177259:0.9955914435:0.0591895444;-0.772325549:0.09379593657:-0.6282639323;0.6282639323:0:-0.772325549
-43.65872607:168.2715709:-341.4784937;0.06235929566:0.9970297766:0.04519892397;-0.807276863:0.07701704021:-0.5851260052;0.5851260052:0:-0.807276863
-51.03846764:168.9358431:-346.2682449;0.0522454908:0.9980682458:0.03361823097;-0.8393207464:0.06212710168:-0.5400749095;0.5400749095:0:-0.8393207464
-58.58438147:169.4707379:-350.5897421;0.04267805048:0.9987956467:0.02420413396;-0.8688005081:0.04906379616:-0.4927255027;0.4927255027:0:-0.8688005081
-66.24338969:169.8932921:-354.4194405;0.03387578104:0.9992859707:0.01673260827;-0.8959497194:0.03778291572:-0.4425455361;0.4425455361:0:-0.8959497194
-73.96241443:170.2205425:-357.7337955;0.02604034114:0.9996004154:0.01099591717;-0.9208674225:0.02826675718:-0.3888498175;0.3888498175:0:-0.9208674225
-81.6883778:170.4695262:-360.5092624;0.01937537911:0.9997892017:0.006793141605;-0.9434807163:0.0205317337:-0.3307908491;0.3307908491:0:-0.9434807163
-89.36820192:170.6572799:-362.7222965;0.01410281551:0.9998928926:0.003913290064;-0.9634879416:0.01463568395:-0.2673514225;0.2673514225:0:-0.9634879416
-96.94880893:170.8008405:-364.3493531;0.01047451276:0.9999429173:0.002108740008;-0.980274872:0.01068467135:-0.197349976;0.197349976:0:-0.980274872
-104.3802922:170.8993939:-365.3732487;0.001544411573:0.9999987894:0.0001896884711;-0.992540396:0.001556016974:-0.1219062804;0.1219062804:0:-0.992540396
-111.6254303:170.8807226:-365.8022444;-0.02076611161:0.9997839617:-0.0008936192452;-0.9988595442:-0.02078533008:-0.04298349777;0.04298349777:0:-0.9988595442
-118.6501729:170.6547577:-365.6509625;-0.05746235806:0.9983451111:0.002261971706;-0.9975725128:-0.05750686142:0.03926885137;-0.03926885137:0:-0.9975725128
-125.4204698:170.1314306:-364.9340253;-0.1086046349:0.9939909369:0.01367664804;-0.986201846:-0.1094624019:0.1241930011;-0.1241930011:0:-0.986201846
-131.9022709:169.2206728:-363.666055;-0.172615489:0.9842662265:0.03773444387;-0.9615589832:-0.1766918088:0.2102006818;-0.2102006818:0:-0.9615589832
-138.0615258:167.8324155:-361.8616739;-0.2454676675:0.9662193038:0.078523125;-0.9202794623:-0.2577212776:0.29438997;-0.29438997:0:-0.9202794623
-143.8641844:165.8765901:-359.5355042;-0.3201803932:0.9371491766:0.1386936789;-0.8599366182:-0.3489289624:0.3725018013;-0.3725018013:0:-0.8599366182
-149.2761964:163.2631279:-356.7021684;-0.3873094969:0.895773321:0.2181318661;-0.7805012736:-0.4445111443:0.4395766195;-0.4395766195:0:-0.7805012736
-154.2635117:159.9019603:-353.3762885;-0.4368439605:0.8432542236:0.313192702;-0.6853214394:-0.5375149434:0.4913371655;-0.4913371655:0:-0.6853214394
-158.7920799:155.7030187:-349.5724869;-0.4609053029:0.7832619576:0.4172133836;-0.5806889916:-0.6216918093:0.5256420734;-0.5256420734:0:-0.5806889916
-162.827851:150.5762343:-345.3053859;-0.4557760704:0.7208252172:0.5221869205;-0.4739963713:-0.6931168778:0.5430620901;-0.5430620901:0:-0.4739963713
-166.3367745:144.4315386:-340.5896077;-0.4222283239:0.6607041047:0.6206394513;-0.3716369916:-0.7506464454:0.5462745285;-0.5462745285:0:-0.3716369916
-169.314382:137.2402147:-335.4276759;-0.3670549467:0.6199057081:0.6935326807;-0.2899787511:-0.784676311:0.5479009133;-0.5479009133:0:-0.2899787511
-171.8745315:129.218953:-329.7737187;-0.3101212235:0.6075955843:0.7311993112;-0.2372415498:-0.7942465649:0.5593646763;-0.5593646763:0:-0.2372415498
-174.1606625:120.6457958:-323.5697659;-0.2641727072:0.6167113862:0.7415388371;-0.2069620446:-0.7871893458:0.5809471972;-0.5809471972:0:-0.2069620446
-176.3162145:111.7987854:-316.7578469;-0.2322330933:0.6423686797:0.7303631081;-0.1946504287:-0.766395772:0.6121672413;-0.6121672413:0:-0.1946504287
-178.4846273:102.955964:-309.2799913;-0.2121098078:0.681425066:0.7004779146;-0.1974850825:-0.7318878872:0.6521807746;-0.6521807746:0:-0.1974850825
-180.8093405:94.39537394:-301.0782288;-0.1991878315:0.7314430381:0.6521620119;-0.213658907:-0.6819025458:0.6995418425;-0.6995418425:0:-0.213658907
-183.3991783:86.34539057:-292.1228713;-0.1867198571:0.7803268527:0.5968464609;-0.2329853969:-0.6253718917:0.7447333764;-0.7447333764:0:-0.2329853969
-186.2245047:78.83572211:-282.4973607;-0.1727885438:0.819196975:0.5468641835;-0.2468087632:-0.5735122633:0.781133227;-0.781133227:0:-0.2468087632
-189.2210684:71.8464099:-272.3134212;-0.1585223291:0.8500810953:0.5022278393;-0.2558746254:-0.5266518123:0.8106577852;-0.8106577852:0:-0.2558746254
-192.3246178:65.35749532:-261.6827771;-0.1445121975:0.8746697499:0.4626759702;-0.260770388:-0.4847193297:0.8348927932;-0.8348927932:0:-0.260770388
-195.4709017:59.34901972:-250.7171526;-0.1310342785:0.8943146666:0.427821569;-0.2619038322:-0.4474385735:0.8551053184;-0.8551053184:0:-0.2619038322
-198.5956687:53.80102445:-239.5282719;-0.1181774978:0.9100716564:0.3972450871;-0.2594999341:-0.4144509383:0.8722902063;-0.8722902063:0:-0.2594999341
-201.6346675:48.69355087:-228.2278592;-0.1059153405:0.9227547036:0.3705478345;-0.2535987866:-0.3853878008:0.8872225755;-0.8872225755:0:-0.2535987866
-204.5236467:44.00664035:-216.927639;-0.09414301572:0.9329865564:0.3473804516;-0.2440439848:-0.359911219:0.9005034414;-0.9005034414:0:-0.2440439848
-207.1983549:39.72033424:-205.7393352;-0.08269125382:0.9412407215:0.3274569601;-0.2304529976:-0.3377364418:0.9125927415;-0.9125927415:0:-0.2304529976
-209.5945407:35.8146739:-194.7746724;-0.0713212673:0.947874095:0.3105607459;-0.212159489:-0.3186451005:0.9238255523;-0.9238255523:0:-0.212159489
-211.6479529:32.26970068:-184.1453745;-0.05969975734:0.9531511051:0.2965449541;-0.1881120968:-0.3024945799:0.9344040176;-0.9344040176:0:-0.1881120968
-213.29434:29.06545594:-173.963166;-0.04734632816:0.9572607375:0.2853247371;-0.1567034999:-0.2892263481:0.944347464;-0.944347464:0:-0.1567034999
-214.4878315:26.18277907:-164.3154191;-0.03464657563:0.9610050396:0.2743518338;-0.1204044075:-0.2765308553:0.9534324647;-0.9534324647:0:-0.1204044075
-215.2560798:23.60570152:-155.1920981;-0.02266777247:0.9650541873:0.2610681667;-0.08347870559:-0.2620504066:0.9614368883;-0.9614368883:0:-0.08347870559
-215.645118:21.31905277:-146.5588155;-0.01179967858:0.9693303183:0.245478108;-0.04654017978:-0.2457615388:0.9682124135;-0.9682124135:0:-0.04654017978
-215.7009794:19.3076623:-138.3811837;-0.002417437739:0.9737305886:0.227690353;-0.01033772568:-0.2277031859:0.9736757112;-0.9736757112:0:-0.01033772568
-215.4696971:17.55635959:-130.624815;0.005158002177:0.9781319998:0.2079211051;0.02425754354:-0.2079850738:0.9778311616;-0.9778311616:0:0.02425754354
-214.9973044:16.04997412:-123.255322;0.01070015557:0.9823997551:0.1864838543;0.05627601854:-0.1867905813:0.9807865662;-0.9807865662:0:0.05627601854
-214.3298343:14.77333537:-116.238317;0.01411130318:0.9863982346:0.163766278;0.08468151314:-0.1643731203:0.9827565918;-0.9827565918:0:0.08468151314
-213.5133202:13.71127282:-109.5394123;0.01544482364:0.9900029664:0.1401983738;0.1084069213:-0.1410465406:0.9840497004;-0.9840497004:0:0.1084069213
-212.5937952:12.84861596:-103.1242205;0.01491189925:0.9931116796:0.1162188757;0.1263887923:-0.117171634:0.9850363858;-0.9850363858:0:0.1263887923
-211.6172925:12.17019425:-96.95835397;0.01287208061:0.9956528402:0.0922482054;0.1375977672:-0.09314194468:0.9860990988;-0.9860990988:0:0.1375977672
-210.6298452:11.66083718:-91.00742505;0.009809682164:0.9975908405:0.06867521381;0.1410656739:-0.0693722917:0.9875666868;-0.9875666868:0:0.1410656739
-209.6774866:11.30537423:-85.23704617;0.006298602255:0.9989279294:0.04586196099;0.1359152161:-0.04629246004:0.9896383492;-0.9896383492:0:0.1359152161
-208.8062498:11.08863488:-79.61282976;0.002956611757:0.999703581:0.02416626889;0.1214030863:-0.0243464598:0.9923046611;-0.9923046611:0:0.1214030863
-208.0621681:10.99544862:-74.10038822;0.0003874633257:0.9999920205:0.003976024421;0.09698971575:-0.003994858949:0.9952773664;-0.9952773664:0:0.09698971575
-207.4912746:11.01064491:-68.66533395;-0.0008921603856:0.9998979563:-0.01425766354;0.0624455753:0.01428554933:0.9979461274;-0.9979461274:0:0.0624455753
-207.1396025:11.11905324:-63.27327937;-0.0005402162082:0.9995495062:-0.03000821301;0.01799125351:0.03001307518:0.9993875775;-0.9993875775:0:0.01799125351
-207.053185:11.30550308:-57.88983688;0.001520730098:0.9990865788:-0.04270474844;-0.03555526415:0.04273181672:0.998453712;-0.998453712:0:-0.03555526415
-207.2780553:11.55482393:-52.48061889;0.005040470226:0.9986436982:-0.05182043654;-0.09667980508:0.05206499768:0.9939528416;-0.9939528416:0:-0.09667980508
-207.8437515:11.85227731:-47.0013614;0.008912020607:0.9983258113:-0.05715024389;-0.1538201144:0.05784094128:0.9864044799;-0.9864044799:0:-0.1538201144
-208.7138315:12.18485301:-41.36829469;0.01180982838:0.9981875829:-0.05900912823;-0.1958883243:0.06017930924:0.9787779192;-0.9787779192:0:-0.1958883243
-209.8353581:12.53997285:-35.48777265;0.01328284138:0.998230361:-0.05796302768;-0.2229752398:0.05946550642:0.9730086824;-0.9730086824:0:-0.2229752398
-211.1553941:12.90505866:-29.26614914;0.01332113303:0.998417019:-0.05464433731;-0.2364679187:0.05624461028:0.9700100346;-0.9700100346:0:-0.2364679187
-212.6210024:13.26753229:-22.60977804;0.01219558825:0.9986939065:-0.049616014;-0.2383827726:0.05109286856:0.969826362;-0.969826362:0:-0.2383827726
-214.1792457:13.61481555:-15.42501323;0.01029697489:0.9990072401:-0.043341741;-0.2309133251:0.04454811112:0.9719539609;-0.9719539609:0:-0.2309133251
-215.7380667:13.93471054:-7.654273425;0.007762647149:0.9992831789:-0.03705225576;-0.2049065681:0.03785668168:0.9780491654;-0.9780491654:0:-0.2049065681
-217.048927:14.21654031:0.615763245;0.004776310696:0.9995029377:-0.03116190743;-0.1514293957:0.03152582463:0.9879652122;-0.9879652122:0:-0.1514293957
-217.8241684:14.45000818:9.262353808;0.00177337727:0.9996861031:-0.02499100709;-0.07076041208:0.02505384805:0.9971786544;-0.9971786544:0:-0.07076041208
-217.7761322:14.62481745:18.16275529;-0.0006813777766:0.9998366901:-0.01805903754;0.03769758451:0.01807188736:0.9991257674;-0.9991257674:0:0.03769758451
-216.61716:14.73067145:27.19422472;-0.001791655868:0.9999460295:-0.0102336767;0.1724422306:0.0103893296:0.9849648415;-0.9849648415:0:0.1724422306
-214.0595933:14.75727348:36.23401912;-0.0006891993255:0.9999977715:-0.001995478714;0.3264569511:0.002111144478:0.9452097133;-0.9452097133:0:0.3264569511
-210.008161:14.70102518:45.18442393;0.002069251999:0.9999888474:0.004245375367;0.4381343182:-0.004722818633:0.8988971099;-0.8988971099:0:0.4381343182
-205.1371405:14.58512155:54.04783823;0.00418015126:0.999960656:0.007823862806;0.4712211914:-0.008870540782:0.8819704656;-0.8819704656:0:0.4712211914
-200.3131969:14.43945587:62.85168948;0.00474698645:0.9999406008:0.00981126898;0.4355051892:-0.01089930637:0.9001202338;-0.9001202338:0:0.4355051892
-196.4029949:14.29392148:71.62340519;0.003412241691:0.9999420767:0.01020782963;0.3170146954:-0.01076304693:0.9483595519;-0.9483595519:0:0.3170146954
-194.2731995:14.17841168:80.39041282;0.0006467862237:0.9999703204:0.007677234553;0.08394740584:-0.007704431374:0.996440402;-0.996440402:0:0.08394740584
-194.7904754:14.12281978:89.18013987;-0.0003048404975:0.9999993028:0.001140833777;-0.2581511643:-0.001180859617:0.9661038153;-0.9661038153:0:-0.2581511643
-198.4525264:14.147478:98.01022033;0.002474781278:0.9999882551:-0.004167154206;-0.5106141351:0.004846619084:0.859796322;-0.859796322:0:-0.5106141351
-204.2812122:14.23447415:106.8591142;0.004959542324:0.9999668447:-0.006458513593;-0.6090310894:0.008143061949:0.7931045471;-0.7931045471:0:-0.6090310894
-210.929431:14.35633493:115.6954881;0.006144579049:0.9999506811:-0.007802532478;-0.6186633498:0.009931533857:0.7855934217;-0.7855934217:0:-0.6186633498
-217.0500814:14.48558706:124.4880085;0.005822613202:0.9999430457:-0.008944409679;-0.5455332929:0.01067264208:0.8380211937;-0.8380211937:0:-0.5455332929
-221.2960618:14.59475724:133.2053419;0.003329619997:0.9999508841:-0.009335039619;-0.3359330555:0.009911071284:0.9418337183;-0.9418337183:0:-0.3359330555
-222.3202706:14.65637219:141.8161549;-0.0005743922123:0.9999822766:-0.005925915871;0.09647499088:0.00595368838:0.9953176024;-0.9953176024:0:0.09647499088
-219.2319288:14.65073716:150.2957011;-0.0003845738988:0.9999996832:-0.0006968749219;0.4831650128:0.0007959470714:0.8755289469;-0.8755289469:0:0.4831650128
-212.965547:14.58927157:158.6455819;0.001428871794:0.9999975657:0.001681364672;0.6475710184:-0.002206504422:0.7620019077;-0.7620019077:0:0.6475710184
-204.9119584:14.49117337:166.8739857;0.002718281181:0.9999925345:0.002746239392;0.7034745408:-0.003864050126:0.7107099546;-0.7107099546:0:0.7034745408
-196.4619962:14.37564053:174.989101;0.003346128422:0.9999884255:0.003457201566;0.6954616187:-0.004811321865:0.718547137;-0.718547137:0:0.6954616187
-189.0064934:14.261871:182.9991163;0.003211626684:0.9999862963:0.004134334565;0.6134599725:-0.005235195149:0.7897084619;-0.7897084619:0:0.6134599725
-183.9362833:14.16906275:190.9122201;0.001799848451:0.999988545:0.004435126739;0.3760280828:-0.004786418665:0.926595905;-0.926595905:0:0.3760280828
-182.2778268:14.11183261:198.7535615;-6.047642424e-005:0.9999951293:0.003120516512;-0.01937652802:-0.003121102482:0.9998073859;-0.9998073859:0:-0.01937652802
-183.6000955:14.08647291:206.6161334;-0.0004504394201:0.9999990642:0.001291815444;-0.3292455077:-0.001368094592:0.9442433606;-0.9442433606:0:-0.3292455077
-187.107689:14.08469488:214.6098894;-9.699613221e-005:0.9999999806:0.0001711678274;-0.4930165253:-0.00019674012:0.8700199234;-0.8700199234:0:-0.4930165253
-192.0052067:14.09820972:222.8447828;0.0002369331704:0.9999999092:-0.0003542021766;-0.5559965265:0.0004261414192:0.8311845048;-0.8311845048:0:-0.5559965265
-197.4972482:14.11872865:231.4307675;0.0003590760888:0.9999997883:-0.0005425941934;-0.5518736267:0.0006506489809:0.8339275009;-0.8339275009:0:-0.5518736267
-202.788413:14.13796289:240.4777968;0.0002672217669:0.9999998504:-0.0004772982533;-0.4885124789:0.0005470110559:0.8725567367;-0.8725567367:0:-0.4885124789
-207.1874178:14.14908618:250.0330063;0.0001291111266:0.9999999449:-0.000305869842;-0.3888853098:0.0003320030772:0.921286115;-0.921286115:0:-0.3888853098
-210.4194486:14.15112249:259.8922596;5.75693039e-005:0.9999999782:-0.0002006391996;-0.2758008676:0.000208735031:0.961214772;-0.961214772:0:-0.2758008676
-212.3138089:14.1445583:269.7886021;2.50147699e-005:0.9999999844:-0.0001745871803;-0.1418311009:0.0001763701286:0.9898908565;-0.9898908565:0:-0.1418311009
-212.6998019:14.12988009:279.4550795;-5.075828505e-006:0.9999999707:-0.0002421150911;0.02095992141:0.0002421682915:0.9997802874;-0.9997802874:0:0.02095992141
-211.4067311:14.10757436:288.6247371;-9.043123646e-005:0.9999999134:-0.000406172844;0.2173211185:0.0004161179974:0.976100076;-0.976100076:0:0.2173211185
-208.2638997:14.0781276:297.0306205;-0.0003060803081:0.9999997579:-0.0006249461371;0.4398490775:0.0006958755847:0.8980714363;-0.8980714363:0:0.4398490775
-203.1876208:14.04213944:304.4532513;-0.0006068790234:0.9999995437:-0.0007378143662;0.6352497753:0.0009553387818:0.7723061636;-0.7723061636:0:0.6352497753
-196.4422461:14.00066205:310.8630555;-0.0008413842611:0.9999994013:-0.0006996453993;0.7688982036:0.001094271977:0.6393702801;-0.6393702801:0:0.7688982036
-188.379137:13.95486075:316.2779348;-0.0009750829957:0.999999351:-0.0005893213072;0.8558339145:0.00113933597:0.5172494685;-0.5172494685:0:0.8558339145
-179.349655:13.90590085:320.7157915;-0.001016577141:0.9999993789:-0.000456897796;0.912109514:0.001114533391:0.409945109;-0.409945109:0:0.912109514
-169.7051613:13.85494767:324.1945273;-0.0009797710057:0.9999994671:-0.0003252148127;0.9490817658:0.001032335167:0.3150281514;-0.3150281514:0:0.9490817658
-159.7970175:13.80316651:326.7320443;-0.0008701274981:0.9999996007:-0.0002036204935;0.9736943367:0.000893634807:0.2278564024;-0.2278564024:0:0.9736943367
-149.9146879:13.75149889:328.3678508;-0.0007186147283:0.9999997361:-0.0001068170565;0.9891321266:0.0007265101591:0.1470275769;-0.1470275769:0:0.9891321266
-140.1000486:13.6999911:329.2278802;-0.0005677110482:0.9999998379:-4.388839918e-005;0.997024931:0.0005694049753:0.07707764065;-0.07707764065:0:0.997024931
-130.3330788:13.64846563:329.4596724;-0.000428510255:0.9999999082:-8.803517741e-006;0.9997889372:0.0004286006773:0.0205401377;-0.0205401377:0:0.9997889372
-120.5937575:13.59674497:329.2107669;-0.0003079952899:0.9999999525:6.544557691e-006;0.9997742713:0.0003080648143:-0.0212440924;0.0212440924:-0:0.9997742713
-110.8620639:13.54465159:328.6287038;-0.0002096188524:0.999999978:1.002483407e-005;0.9988583634:0.0002098584299:-0.04776950753;0.04776950753:-0:0.9988583634
-101.1179772:13.492008:327.8610226;-0.0001345497745:0.9999999909:7.950123727e-006;0.99825892:0.0001347844438:-0.05898398532;0.05898398532:-0:0.99825892
-91.32311793:13.43857577:327.0480184;-9.149292334e-005:0.9999999958:5.201850849e-006;0.9983876453:9.164068023e-005:-0.05676355538;0.05676355538:-0:0.9983876453
-81.36567356:13.38387291:326.3010071;-8.875496936e-005:0.9999999961:3.848570152e-006;0.9990611994:8.883837053e-005:-0.04332103475;0.04332103475:-0:0.9990611994
-71.11547297:13.32735651:325.7240598;-0.0001238701864:0.9999999923:2.456077548e-006;0.9998034788:0.0001238945334:-0.01982393784;0.01982393784:-0:0.9998034788
-60.44234511:13.26848367:325.4212475;-0.0001918627792:0.9999999816:-2.292847803e-006;0.9999285825:0.000191876479:0.01194960306;-0.01194960306:0:0.9999285825
-49.2161189:13.20671148:325.4966413;-0.0002857515058:0.9999999591:-1.425584972e-005;0.9987578224:0.0002861068897:0.04982700399;-0.04982700399:0:0.9987578224
-37.3066233:13.14149704:326.0543123;-0.0003973778696:0.9999999204:-3.651449636e-005;0.9958047114:0.0003990519762:0.09150310142;-0.09150310142:0:0.9958047114
-24.64494221:13.07262531:327.1238562;-0.0004893407311:0.9999998785:-5.888524336e-005;0.9928372156:0.0004928710004:0.1194739316;-0.1194739316:0:0.9928372156
-11.40717951:13.0011927:328.4369669;-0.0005394315236:0.9999998523:-6.60506528e-005;0.9925867276:0.000543460263:0.121537208;-0.121537208:0:0.9925867276
2.169305977:12.92862348:329.6508629;-0.0005553931714:0.9999998442:-5.607325953e-005;0.9949418801:0.0005582166115:0.1004507026;-0.1004507026:0:0.9949418801
15.84715539:12.85634192:330.4227628;-0.0005379006602:0.9999998549:-3.011053359e-005;0.9984367666:0.0005387427628:0.05589036419;-0.05589036419:0:0.9984367666
29.38900989:12.78577229:330.4098852;-0.0004818870977:0.9999998839:7.144444272e-006;0.9998899973:0.0004819400565:-0.01482434039;0.01482434039:-0:0.9998899973
42.55751064:12.71833887:329.2694484;-0.0003781356963:0.9999999275:4.408937896e-005;0.9932710623:0.0003806973577:-0.1158121402;0.1158121402:-0:0.9932710623
55.15523311:12.65525277:326.7284273;0.06310806075:-0.962734347:0.2629827936;0.972609783:0.0002604923243:-0.2324438474;0.2324438474:-0:0.972609783
67.14449011:12.59687255:322.7928209;-0.1794856044:0.8537149611:-0.4888309349;0.9388111193:0.0001568247541:-0.3444323703;0.3444323703:-0:0.9388111193
78.52752876:12.54334357:317.5383844;0.3280813454:-0.6810671257:0.6546069058;0.8940328316:7.437974303e-005:-0.4480014403;0.4480014403:-0:0.8940328316
89.30659621:12.49481124:311.0408732;-0.4807039279:0.4576585055:-0.7479788941;0.8412543651:1.600712534e-005:-0.5406395222;0.5406395222:-0:0.8412543651
99.48393957:12.45142094:303.3760424;0.6086709985:-0.2001400273:0.767765319;0.7836178694:-1.730658526e-005:-0.6212431364;0.6212431364:-0:0.7836178694
109.061806:12.41331807:294.6196474;-0.6880947811:-0.07229513546:-0.7220103778;0.7239059329:-2.603363673e-005:-0.6898986879;0.6898986879:-0:0.7239059329
118.0424426:12.380648:284.8474433;0.7031412622:0.3393420521:0.624851452;0.6642701414:-1.152969023e-005:-0.7474925947;0.7474925947:-0:0.6642701414
126.4280965:12.35355612:274.1351855;-0.6472536246:-0.5810973844:-0.4933442766;0.6061837393:2.449467511e-005:-0.7953246341;0.7953246341:-0:0.6061837393
134.2210148:12.33218784:262.5586291;0.5228516545:0.7795428056:0.3448755742;0.5505290284:8.035470981e-005:-0.8348160171;0.8348160171:-0:0.5505290284
141.4234447:12.31668853:250.1935295;-0.3400794193:-0.919887928:-0.1953258524;0.4977353175:0.0001546179989:-0.8673289629;0.8673289629:-0:0.4977353175
148.0376334:12.30720358:237.1156418;0.1150332611:0.9916726504:0.05790253268;0.4479148903:0.0002462141797:-0.8940761659;0.8940761659:-0:0.4479148903
154.0658278:12.30387839:223.4007214;0.1322516645:-0.9895467646:0.05750389469;0.400973965:0.0003544723956:-0.9160893809;0.9160893809:-0:0.400973965
159.5040548:12.30674831:209.1459253;-0.379836793:0.9136687234:-0.144684051;0.3569295752:0.0004608908749:-0.9341311824;0.9341311824:-0:0.3569295752
164.3234593:12.31540866:194.5340177;0.6060441475:-0.7696938269:0.200703523;0.3150081065:0.000550022947:-0.9490888211;0.9490888211:-0:0.3150081065
168.488966:12.32934469:179.7691648;-0.7914278022:0.5683527106:-0.2249827333;0.273855813:0.0006252025964:-0.9617705562;0.9617705562:-0:0.273855813
171.9654995:12.3480417:165.0555325;0.920063197:-0.3246515822:0.2192830676;0.2320709699:0.0006888090737:-0.9726986124;0.9726986124:-0:0.2320709699
174.7179843:12.37098494:150.5972869;-0.9805812442:0.05675379007:-0.1877216843;0.1880661412:0.0007424403476:-0.982156085;0.982156085:-0:0.1880661412
176.711345:12.39765971:136.5985941;0.9669079496:0.2153739126:0.1367592582;0.1398740033:0.0007869655897:-0.9901689976;0.9901689976:-0:0.1398740033
177.9105063:12.42755127:123.2636201;-0.8786795827:-0.471449515:-0.0752166591;0.08485190832:0.0008224228113:-0.9963932343;0.9963932343:-0:0.08485190832
178.2803927:12.4601449:110.796531;0.7213813317:0.6923873917:0.01444555792;0.01920756889:0.0008476557511:-0.9998151583;0.9998151583:-0:0.01920756889
177.7859289:12.49492588:99.40149284;0.7307800264:0.6811032161:-0.04537578767;-0.06277079364:0.0008594201188:-0.9980275992;0.9980275992:0:-0.06277079364
176.3920393:12.53137948:89.28267171;0.7319765631:0.6696549071:-0.1255890776;-0.169859827:0.0008503066572:-0.9854678666;0.9854678666:0:-0.169859827
174.0636487:12.56899098:80.64423364;0.7148427156:0.6580452316:-0.2365932483;-0.314876799:0.0008040678712:-0.9491322115;0.9491322115:0:-0.314876799
170.7656816:12.60724565:73.69034469;0.6560297914:0.6462769984:-0.3898088687;-0.5113207113:0.0006868454468:-0.8593897012;0.8593897012:0:-0.5113207113
166.4849757:12.64570172:68.56314719;0.5285280701:0.6343530332:-0.5641403269;-0.7300321058:0.0004757672077:-0.6834126851;0.6834126851:0:-0.7300321058
161.2960204:12.68420917:65.15668845;0.3463513894:0.6222761665:-0.7020064726;-0.8968657688:0.0002109859336:-0.4423027789;0.4423027789:0:-0.8968657688
