983.9371516:150.3862967:678.4940811;0.1369921403:0.9895080322:-0.04590215373;-0.938239368:0.1444778675:0.3143772163;-0.3143772163:0:-0.938239368
956.5176967:154.2135525:686.2382172;0.1161736667:0.9928514842:-0.02737899807;-0.9663769833:0.1193563169:0.2277489754;-0.2277489754:0:-0.9663769833
928.4538078:157.120957:691.8066271;0.07948633715:0.9967484202:-0.01321018638;-0.9832617788:0.08057658977:0.1634126295;-0.1634126295:0:-0.9832617788
900.0360892:158.725969:695.8884402;0.02870157675:0.9995814931:-0.003613592771;-0.9917520814:0.02892816207:0.1248638074;-0.1248638074:0:-0.9917520814
871.4654021:158.6238432:699.0702068;-0.03934828588:0.9992185114:0.003752182828;-0.9947062188:-0.03952678177:0.09485342271;-0.09485342271:0:-0.9947062188
842.8862387:156.2514907:701.248597;-0.1287837798:0.9916473199:0.007094436717;-0.9901460677:-0.1289790408:0.05454513473;-0.05454513473:0:-0.9901460677
814.6471299:150.9829223:702.0664194;-0.2413118158:0.97044763:-7.017499312e-005;-0.970447589:-0.241311826:-0.0002822122599;0.0002822122599:0:-0.970447589
787.1910265:142.5392165:701.2379272;-0.3361376382:0.9416110264:-0.01949777462;-0.9400309317:-0.3367026508:-0.05452680439;0.05452680439:0:-0.9400309317
760.4486396:132.1436055:699.0929802;-0.3721530051:0.9274483429:-0.036629388;-0.9229883469:-0.3739512953:-0.09084569467;0.09084569467:0:-0.9229883469
733.751223:121.8815228:696.2821131;-0.3228999457:0.9458119475:-0.03428388983;-0.9405254749:-0.3247148904:-0.09986025762;0.09986025762:0:-0.9405254749
706.224113:113.9865093:693.4696389;-0.219964033:0.975264157:-0.02180936126;-0.9705054704:-0.2210425843:-0.09622529702;0.09622529702:0:-0.9705054704
678.0445424:109.2636198:690.6824773;-0.1142524409:0.9933812581:-0.01183452043;-0.9880946314:-0.1148637285:-0.1023490265;0.1023490265:0:-0.9880946314
649.6471969:106.4427803:687.1275036;-0.09787822788:0.9950814936:-0.01525363978;-0.983213444:-0.09905968413:-0.1532269641;0.1532269641:0:-0.983213444
621.7210793:102.6047885:681.2466095;-0.1759421902:0.9831390366:-0.0498194793;-0.9459477735:-0.1828596041:-0.267852898;0.267852898:0:-0.9459477735
596.0124269:95.17671351:671.1114949;-0.2967464096:0.9418679664:-0.1575636451;-0.8318746552:-0.3359832345:-0.4417010575;0.4417010575:0:-0.8318746552
574.4697265:83.78716699:655.9428089;-0.3259645069:0.8953090295:-0.3035932837;-0.6551619241:-0.4454455541:-0.6101976003;0.6101976003:0:-0.6551619241
558.490165:70.08173384:636.448321;-0.2663108774:0.8661695165:-0.4228816445;-0.4615712306:-0.4997503064:-0.7329404003;0.7329404003:0:-0.4615712306
547.5383917:55.36762946:614.3148322;-0.1837164418:0.8546000521:-0.4857026045;-0.3023456197:-0.5192867715:-0.7993299539;0.7993299539:0:-0.3023456197
541.1416674:40.35203647:590.7227475;-0.08761350518:0.8515612088:-0.5168823671;-0.1423128723:-0.5242551933:-0.8395853374;0.8395853374:0:-0.1423128723
539.660632:25.30189584:566.2583932;0.03027608603:0.8548740819:-0.5179514096;0.04988525245:-0.518835527:-0.8534173408;0.8534173408:-0:0.04988525245
544.510292:10.69989619:542.060185;0.1600522927:0.8707850363:-0.4648835167;0.283468306:-0.4916639304:-0.8233542974;0.8233542974:-0:0.283468306
555.1133544:-2.75060657:518.9130565;0.2134709281:0.8986289923:-0.3832702663;0.4372624948:-0.438709396:-0.7850704277;0.7850704277:-0:0.4372624948
569.0098525:-14.50841716:496.9084912;0.2224259836:0.9217642125:-0.3176120563;0.5287526811:-0.3877508691:-0.7550297118;0.7550297118:-0:0.5287526811
585.0793539:-25.22690037:475.3103552;0.207437669:0.9380023772:-0.2777069567;0.5613411645:-0.3466288221:-0.7514948814;0.7514948814:-0:0.5613411645
599.6176879:-33.5994025:451.9923038;0.08804932338:0.9773559333:-0.1924128278;0.4066859214:-0.2116019368:-0.8887244689;0.8887244689:-0:0.4066859214
607.1796399:-36.90194057:424.803562;0.00371775484:0.9995734825:-0.02896603964;0.1272501621:-0.02920364966:-0.9914406402;0.9914406402:-0:0.1272501621
607.2202601:-35.81911975:396.1704305;0.009834454516:0.9958871613:0.09006689429;-0.1080989758:0.0906022182:-0.9900029543;0.9900029543:0:-0.1080989758
602.523612:-32.73563335:367.8477624;0.01986082387:0.9945211469:0.1026315549;-0.1889501021:0.1045355843:-0.9764067649;0.9764067649:0:-0.1889501021
597.0858898:-30.41421384:339.7284045;0.01025742435:0.9985610874:0.05263591853;-0.1910016169:0.05362606339:-0.9801237818;0.9801237818:0:-0.1910016169
591.4767017:-29.81362079:311.5824711;-0.002286102016:0.9999345864:-0.01120698782;-0.1998597837:-0.01143778118:-0.9797577476;0.9797577476:0:-0.1998597837
585.6433109:-30.8928353:283.4009185;-0.01227734014:0.9981976083:-0.05874352504;-0.2042099995:-0.06001278876:-0.9770858413;0.9770858413:0:-0.2042099995
579.6164975:-32.89100884:255.3634906;-0.01528656822:0.9975908757:-0.06766657654;-0.219826269:-0.0693717864:-0.9730693535;0.9730693535:0:-0.219826269
572.733694:-34.36811539:227.491002;-0.007789696992:0.9995636854:-0.02849139334;-0.2636110009:-0.02953707625:-0.964176748;0.964176748:0:-0.2636110009
564.1754936:-34.65712457:200.0266293;0.002552149221:0.999971141:0.007155672403;-0.3359241519:0.007597177975:-0.9418584007;0.9418584007:0:-0.3359241519
553.2925561:-34.0018886:173.4310617;0.01572657366:0.9993010473:0.03391300378;-0.4204045941:0.0373820404:-0.9065663573;0.9065663573:0:-0.4204045941
540.0660584:-32.54221072:147.9577875;0.0315302049:0.9979782255:0.05518430507;-0.4950922526:0.06355675689:-0.8665126659;0.8665126659:0:-0.4950922526
525.2611979:-30.37830193:123.3801204;0.04556895768:0.9962673427:0.0733133818;-0.525928347:0.08632138701:-0.8461371;0.8461371:0:-0.525928347
510.150276:-27.58987494:99.07569657;0.05640761364:0.9941905865:0.0916692901;-0.5210242051:0.1076339985:-0.8467282327;0.8467282327:0:-0.5210242051
495.5464487:-24.18491408:74.5379147;0.06381297838:0.9915649247:0.1128135798;-0.4881895241:0.1296109564:-0.8630596668;0.8630596668:0:-0.4881895241
482.5700619:-20.08811187:49.21658775;0.06395474426:0.9877510216:0.1423295825;-0.4048455098:0.1560381984:-0.9009729152;0.9009729152:0:-0.4048455098
472.7373421:-15.19260493:22.64607334;0.05075827351:0.9829174507:0.1769092502;-0.2710785964:0.1840469644:-0.9447979199;0.9447979199:0:-0.2710785964
467.4003596:-9.533882338:-4.980885931;0.02061828281:0.9780827417:0.2071932352;-0.09685292671:0.2082165947:-0.9732755829;0.9732755829:0:-0.09685292671
467.132234:-3.342823913:-33.04674951;-0.01734422851:0.9755391677:0.2191403886;0.07696995996:0.2198256859:-0.9724979656;0.9724979656:-0:0.07696995996
471.7864412:2.997881398:-60.68326879;-0.05528606622:0.9757228776:0.2119158252;0.2463091578:0.2190088265:-0.9441223081;0.9441223081:-0:0.2463091578
481.23983:9.138453059:-87.07598029;-0.08591620361:0.9784011255:0.1880150089;0.4066486047:0.2067153541:-0.8898908218;0.8898908218:-0:0.4066486047
494.6813716:14.82573825:-111.8636099;-0.09916916927:0.9822155526:0.1594304992;0.5187855305:0.1877567794:-0.8340317531;0.8340317531:-0:0.5187855305
510.6708891:19.90946415:-135.2148344;-0.09826609995:0.9862563151:0.132824149;0.586575982:0.1652225195:-0.7928619907;0.7928619907:-0:0.586575982
528.0777164:24.30417943:-157.6614734;-0.08786856424:0.990135776:0.1091341398;0.620948335:0.1401111882:-0.7712276059;0.7712276059:-0:0.620948335
546.2883937:27.93766753:-179.6145702;-0.07272074088:0.9936926517:0.08536163004;0.6444034555:0.1121379242:-0.756418715;0.756418715:-0:0.6444034555
565.0795629:30.76566583:-201.2566592;-0.05615653304:0.996384779:0.06374806721;0.6586244043:0.08495511919:-0.7476606997;0.7476606997:-0:0.6586244043
584.0519046:32.8693007:-222.706734;-0.04149296695:0.9980225989:0.04721467802;0.6588207657:0.06285612242:-0.7496694648;0.7496694648:-0:0.6588207657
602.5775655:34.48618623:-244.6037213;-0.03234303576:0.9986612072:0.0403698063;0.6244140783:0.05172806997:-0.779378769;0.779378769:-0:0.6244140783
619.1968133:36.01674698:-268.1470839;-0.0291264668:0.9983196084:0.05009599126;0.5017873237:0.05794790254:-0.86304781;0.86304781:-0:0.5017873237
629.9241377:37.99748589:-294.5531605;-0.01867854354:0.9966906127:0.07911342849;0.2290204117:0.08128851429:-0.9700215608;0.9700215608:-0:0.2290204117
632.0227782:40.66335247:-322.9644381;0.009108675073:0.994611013:0.103276158;-0.08738276856:0.10367706:-0.990765017;0.990765017:0:-0.08738276856
625.2115168:43.89551578:-350.6452999;0.04448593073:0.9928379299:0.1108776215;-0.3696968645:0.1194690126:-0.9214398425;0.9214398425:0:-0.3696968645
611.4888043:47.49901857:-375.6648628;0.07502538952:0.9915347277:0.1059720464;-0.5729302874:0.129841764:-0.8092539787;0.8092539787:0:-0.5729302874
592.7283408:51.3136598:-396.9605106;0.0994103945:0.9907970653:0.09186266333;-0.7276790002:0.1353557367:-0.6724299943;0.6724299943:0:-0.7276790002
570.2920387:55.23297095:-414.4913501;0.1129222431:0.9906299047:0.07681769945;-0.8190749882:0.13657376:-0.5571927599;0.5571927599:0:-0.8190749882
546.1503914:59.16795395:-429.7046935;0.1173998729:0.9906168843:0.06996755181;-0.8509537885:0.1366681692:-0.5071483622;0.5071483622:0:-0.8509537885
521.5148458:63.10171518:-443.9250181;0.1196652274:0.9905084995:0.0676250379;-0.8623364062:0.1374514911:-0.4873222857;0.4873222857:0:-0.8623364062
496.5776122:67.07506972:-457.7114819;0.1224051556:0.9903238844:0.06538793378;-0.8735033242:0.1387753724:-0.4666190509;0.4666190509:0:-0.8735033242
471.1339601:71.08668968:-470.5253096;0.1267498685:0.9901457335:0.05954743755;-0.896173393:0.140040803:-0.4210247298;0.4210247298:0:-0.896173393
445.0177004:75.12789337:-481.834388;0.1311380074:0.990005704:0.05187994849;-0.9205831317:0.1410273237:-0.3641949912;0.3641949912:0:-0.9205831317
418.2397996:79.19359286:-491.4943188;0.1345466139:0.9899136368:0.04436440381;-0.9401251359:0.1416721272:-0.3099898984;0.3099898984:0:-0.9401251359
391.0054865:83.27795019:-499.8037655;0.1369705438:0.9898167303:0.03875449181;-0.9524272382:0.1423476044:-0.2694800837;0.2694800837:0:-0.9524272382
363.4844257:87.38864383:-507.0631638;0.1394870306:0.9896289541:0.03432056905;-0.9609679389:0.1436472525:-0.2364446813;0.2364446813:0:-0.9609679389
335.7229531:91.59686871:-513.2277582;0.1482640923:0.9885435722:0.02827304199;-0.9710456154:0.1509357677:-0.1851723707;0.1851723707:0:-0.9710456154
307.6190105:96.16881305:-517.3014258;0.1674154885:0.9857624151:0.01563698256;-0.9814904606:0.1681441674:-0.09167341298;0.09167341298:0:-0.9814904606
279.3532037:101.3263502:-518.1775761;0.1910771398:0.9815492121:-0.007118345008;-0.9808688017:0.1912096865:0.03654106684;-0.03654106684:0:-0.9808688017
251.4238727:107.0892314:-514.9801557;0.2029735548:0.9783770667:-0.03974986048;-0.9601384971:0.2068291937:0.1880312503;-0.1880312503:0:-0.9601384971
224.355525:113.0317308:-507.2348565;0.188117169:0.9794364461:-0.07291213024;-0.9132397934:0.201752938:0.3539616247;-0.3539616247:0:-0.9132397934
199.3728428:118.4212518:-494.2123097;0.1380129014:0.9858743897:-0.09489007685;-0.8123847717:0.1674863805:0.5585510675;-0.5585510675:0:-0.8123847717
178.1625471:122.4483974:-475.3436215;0.07422014571:0.9937508135:-0.08337080154;-0.6607727425:0.1116213267:0.7422398953;-0.7422398953:0:-0.6607727425
161.4426097:124.7903884:-452.1052509;0.02562398803:0.9987008081:-0.04404664621;-0.5021940766:0.05095778454:0.8632522306;-0.8632522306:0:-0.5021940766
149.0360844:125.4242103:-426.193431;-0.002159521197:0.9999825613:0.005496682505;-0.3656621627:-0.0059056795:0.930728911;-0.930728911:0:-0.3656621627
140.1787081:124.4647796:-398.8723019;-0.01552265208:0.9981212677:0.05927041539;-0.2528749829:-0.06126936321:0.9655569937;-0.9655569937:0:-0.2528749829
134.3235529:121.880706:-370.8552771;-0.01890513473:0.9930027911:0.1165678029;-0.1589695239:-0.1180908837:0.9801955079;-0.9801955079:0:-0.1589695239
130.6738992:117.7333983:-342.626302;-0.01738526422:0.9855975026:0.1682121143;-0.1013249454:-0.1691081394:0.9803752815;-0.9803752815:0:-0.1013249454
128.1971274:112.1535824:-314.5310738;-0.01684218814:0.975503718:0.2193372676;-0.0746858677:-0.2199829453:0.9726404911;-0.9726404911:0:-0.0746858677
126.1614485:105.0181237:-286.7477955;-0.02047314386:0.9605592265:0.2773207941;-0.07072060882:-0.2780754798:0.9579523073;-0.9579523073:0:-0.07072060882
123.9040765:96.00488996:-259.5359888;-0.03382742315:0.9362484338:0.3497064136;-0.09014342417:-0.3513386831:0.9318987567;-0.9318987567:0:-0.09014342417
120.8596425:84.75245123:-233.2552858;-0.05807616217:0.9025739789:0.4265997797;-0.121750978:-0.4305347984:0.8943245981;-0.8943245981:0:-0.121750978
116.9089232:71.28911282:-208.1651163;-0.08781831602:0.8639446132:0.4958705967;-0.1506595388:-0.5035868399:0.8507067638;-0.8507067638:0:-0.1506595388
112.4532827:55.98254599:-184.2243114;-0.1035518773:0.8304089778:0.5474467447;-0.1543385852:-0.5571543139:0.8159403603;-0.8159403603:0:-0.1543385852
108.2630694:39.38611851:-161.1240185;-0.09916239114:0.803383969:0.5871465052;-0.133787823:-0.5954613324:0.7921657781;-0.7921657781:0:-0.133787823
104.9210854:21.83610286:-138.5857432;-0.07897438607:0.7822722017:0.6179103889;-0.09917454099:-0.6229367563:0.7759601846;-0.7759601846:0:-0.09917454099
102.3284487:3.656299023:-116.4386848;-0.07105228721:0.7691748637:0.6350760596;-0.08552167838:-0.6390383627:0.7644056603;-0.7644056603:0:-0.08552167838
99.72530372:-14.83529266:-94.60319134;-0.08564592091:0.7622787521:0.6415573866;-0.100867021:-0.6472488734:0.7555757672;-0.7555757672:0:-0.100867021
96.23194347:-33.51178709:-72.98216514;-0.1250678228:0.7609278248:0.6366685835;-0.1466742109:-0.6488365322:0.7466577732;-0.7466577732:0:-0.1466742109
91.00997154:-52.07029769:-51.61692507;-0.1831607961:0.7698831986:0.6113362276;-0.2209585936:-0.6381848169:0.7374940267;-0.7374940267:0:-0.2209585936
83.27640199:-70.02841183:-30.66487727;-0.2495167379:0.7911502106:0.5584109076;-0.3227569531:-0.6116218964:0.7223202926;-0.7223202926:0:-0.3227569531
72.20247733:-87.03777818:-10.20303293;-0.3062426628:0.827552492:0.4705021832;-0.4514377282:-0.5613883441:0.693575594;-0.693575594:0:-0.4514377282
56.71922404:-101.7643371:9.016308854;-0.3160849283:0.8945397149:0.316052237;-0.6325678094:-0.4469884768:0.6325023858;-0.6325023858:0:-0.6325678094
36.0318733:-112.2930455:25.67401384;-0.2417541176:0.9572546191:0.1588034661;-0.8000794051:-0.2892465976:0.5255562304;-0.5255562304:0:-0.8000794051
11.3535671:-118.4673288:38.99594965;-0.1293284449:0.9899513458:0.05718816498;-0.9053838158:-0.1414083904:0.4003546094;-0.4003546094:0:-0.9053838158
-15.62473308:-120.4825004:48.90865917;0.001059461439:0.9999993871:-0.0003214936253;-0.9569122688:0.001107166063:0.2903750746;-0.2903750746:0:-0.9569122688
-43.43639642:-119.1229562:56.11666854;0.0672586677:0.9976187347:-0.01526865336;-0.9728651909:0.06896999461:0.2208539342;-0.2208539342:0:-0.9728651909
-71.42861912:-117.6975124:62.10251689;0.03689757397:0.9992928643:-0.007234661828;-0.9806206136:0.03760015022:0.1922743898;-0.1922743898:0:-0.9806206136
-99.67870233:-114.9661446:66.10613697;0.1883055428:0.9820257754:-0.01289957132;-0.9797296691:0.1887468579:0.06711482073;-0.06711482073:0:-0.9797296691
-128.3482235:-108.4509065:66.03265128;0.1607609634:0.9869551248:0.008688750733;-0.9855167545:0.1609955954:-0.05326485513;0.05326485513:0:-0.9855167545
-155.9312277:-110.6778735:64.11054325;-0.3135026976:0.9493037524:-0.0232044034;-0.9467140285:-0.3143602801:-0.07007255246;0.07007255246:0:-0.9467140285
-182.8452252:-120.4994571:62.27982657;-0.261458286:0.9650950393:-0.01520295214;-0.9634676497:-0.2618999142:-0.05602252195;0.05602252195:0:-0.9634676497
-211.1030404:-124.0642566:60.96018193;-0.04726695674:0.9988807362:-0.001763398434;-0.9981863259:-0.04729983905:-0.0372395501;0.0372395501:0:-0.9981863259
-239.758379:-126.3532716:60.09600772;-0.1324948572:0.9911797602:-0.002792082588;-0.9909597533:-0.1325242729:-0.02088263297;0.02088263297:0:-0.9909597533
-268.1044946:-130.9058077:60.02766023;-0.1663166892:0.9860659176:0.003572817478;-0.985838473:-0.1663550604:0.02117779607;-0.02117779607:0:-0.985838473
-296.4399249:-135.3248919:61.23857561;-0.1393923036:0.9902062883:0.007828934853;-0.9886481807:-0.1396119856:0.05552718479;-0.05552718479:0:-0.9886481807
-325.0411117:-138.7384311:62.83555626;-0.08203719358:0.9966191197:0.0044976694;-0.9951246917:-0.08216039289:0.0545574718;-0.0545574718:0:-0.9951246917
-353.6494393:-138.5048267:64.68588401;0.1275197829:0.9917821477:-0.01033810506;-0.9885389107:0.1279381547:0.08014144071;-0.08014144071:0:-0.9885389107
-381.7820074:-132.6645391:67.16093055;0.2049027781:0.9786498899:-0.0161010745;-0.9756423885:0.2055344085:0.07666509416;-0.07666509416:0:-0.9756423885
-410.1013835:-130.4013018:68.32622178;-0.05647042412:0.9984042271:0.0003009280937;-0.9983900512:-0.05647122593:0.005320371142;-0.005320371142:0:-0.9983900512
-438.8490288:-133.0931473:68.34993075;-0.07368955909:0.9972807135:0.001013542137;-0.9971863949:-0.073696529:0.01371551739;-0.01371551739:0:-0.9971863949
-467.5694255:-133.1392538:69.49338921;0.0667888506:0.9977586097:-0.004123851646;-0.9958621047:0.0669160423:0.06148911896;-0.06148911896:0:-0.9958621047
-495.8901641:-129.5100049:71.64450276;0.1783311016:0.9838436515:-0.01580150696;-0.9800040094:0.1790298004:0.08683589141;-0.08683589141:0:-0.9800040094
-523.8847517:-123.4572505:74.50437019;0.2289309425:0.9730778795:-0.02664702567;-0.9665522823:0.2304765506:0.1125044225;-0.1125044225:0:-0.9665522823
-552.0167374:-117.727632:77.69586897;0.1221635149:0.9924450494:-0.01135339386;-0.9881866869:0.1226899504:0.09183816187;-0.09183816187:0:-0.9881866869
-580.5588115:-118.5741964:78.7152324;-0.1704242409:0.9853370451:-0.008153876674;-0.9842112081:-0.1706191888:-0.04708917445;0.04708917445:0:-0.9842112081
-607.8700766:-124.3682594:72.94656274;-0.1565093788:0.9852791438:-0.06877370956;-0.9020328054:-0.1709532356:-0.3963733206;0.3963733206:0:-0.9020328054
-630.940472:-127.4316387:56.42178305;-0.05498744248:0.9969544537:-0.05530098078;-0.7029463067:-0.07798600711:-0.7069545053;0.7069545053:0:-0.7029463067
-648.7918105:-130.7633635:33.94190269;-0.09213247874:0.9855945666:-0.1418272074;-0.5369113727:-0.1691252506:-0.8265124485;0.8265124485:0:-0.5369113727
-662.4162364:-137.0525951:9.67588873;-0.1191553575:0.9636788124:-0.2390086761;-0.4299625576:-0.2670639371:-0.8624436518;0.8624436518:0:-0.4299625576
-674.1989347:-145.6231245:-15.1490966;-0.1340577451:0.9485806575:-0.2867459804;-0.4017387477:-0.3165355213:-0.8593085839;0.8593085839:0:-0.4017387477
-686.3084712:-154.6698411:-39.71093913;-0.1425895701:0.9528783477:-0.2677518794;-0.4478961898:-0.3033526898:-0.841050622;0.841050622:0:-0.4478961898
-700.3623277:-162.8482572:-63.35640094;-0.1460516751:0.9649458475:-0.2180560009;-0.5369878448:-0.2624490642:-0.8017259776;0.8017259776:0:-0.5369878448
-717.3338002:-169.5240033:-85.51581522;-0.1308920891:0.9800529354:-0.1495443242;-0.6454833363:-0.1987366194:-0.7374652661;0.7374652661:0:-0.6454833363
-737.5385701:-174.0515948:-105.5252663;-0.08378027595:0.9939377544:-0.0711941414;-0.7574054252:-0.1099442605:-0.643622002;0.643622002:0:-0.7574054252
-761.0146995:-175.4252892:-121.9415862;0.01994161489:0.9997401719:0.0110417717;-0.8746163837:0.02279448896:-0.4842794571;0.4842794571:0:-0.8746163837
-787.3639213:-172.6791634:-132.8757149;0.1559106295:0.9867331:0.04527322548;-0.9475910074:0.1623508218:-0.2751608499;0.2751608499:0:-0.9475910074
-814.9482618:-166.4368077:-137.6990999;0.2611324753:0.9651583826:0.0167070872;-0.9631890571:0.2616663839:-0.0616242141;0.0616242141:0:-0.9631890571
-842.5400963:-158.4393392:-136.6903798;0.2772456373:0.9600942929:-0.03679409313;-0.951749422:0.2796765073:0.1263094965;-0.1263094965:0:-0.951749422
-869.5875504:-150.9432529:-130.5492496;0.2226535547:0.9721854143:-0.07266990325;-0.9242055347:0.2342125536:0.3016431822;-0.3016431822:0:-0.9242055347
-895.3881718:-145.3649372:-119.3765252;0.133689127:0.988396438:-0.07210893547;-0.8699215873:0.1518962846:0.4692163154;-0.4692163154:0:-0.8699215873
-919.7016656:-142.0748964:-104.2995398;0.06567771856:0.9968188525:-0.04515099849;-0.821434731:0.07970053564:0.5647059477;-0.5647059477:0:-0.821434731
-942.9075846:-140.5472094:-87.42871896;0.02509945852:0.9995053841:-0.01894741099;-0.7977267485:0.0314481669:0.6021985117;-0.6021985117:0:-0.7977267485
-965.8153957:-139.9823397:-70.05944938;0.01023988387:0.9999177773:-0.007719029127;-0.7984677743:0.01282336275:0.6019009676;-0.6019009676:0:-0.7984677743
-988.9117803:-139.5246884:-52.88817616;0.01931795457:0.9997136894:-0.01411934234;-0.8071126744:0.02392779131:0.5899123592;-0.5899123592:0:-0.8071126744
-1012.503284:-138.274262:-36.57717958;0.05904250225:0.9975628981:-0.03717858538;-0.844146783:0.06977294808:0.5315523911;-0.5315523911:0:-0.844146783
-1037.810098:-135.1544697:-23.20237669;0.1394853681:0.9885128417:-0.05819101227;-0.9123058615:0.1511368976:0.3805990715;-0.3805990715:0:-0.9123058615
-1064.817004:-129.3618331:-15.68762193;0.2535792105:0.9667867619:-0.03195216815;-0.9592020375:0.2555843442:0.1208639491;-0.1208639491:0:-0.9592020375
-1092.067324:-120.6866849:-16.22285188;0.3375346586:0.940065808:0.04844203556;-0.930531485:0.340993074:-0.1335472911;0.1335472911:0:-0.930531485
-1118.222966:-110.0065642:-22.20546017;0.3776221511:0.9184425664:0.117748729;-0.8768055472:0.3955543606:-0.2734022314;0.2734022314:0:-0.8768055472
-1142.229157:-98.03860551:-32.20537095;0.3835757861:0.8996694827:0.2084812658;-0.7904576817:0.4365716686:-0.4296298776;0.4296298776:0:-0.7904576817
-1163.327767:-85.17083764:-46.84232648;0.3433198357:0.8913168374:0.2961178578;-0.6749439806:0.4533809605:-0.582148029;0.582148029:0:-0.6749439806
-1180.984558:-72.16508894:-65.44403988;0.274767462:0.8937117275:0.3546578491;-0.5473475147:0.44864167:-0.7064922859;0.7064922859:0:-0.5473475147
-1194.433435:-59.32050787:-87.2829498;0.1903270999:0.8949580253:0.403516701;-0.3817878127:0.4461503479:-0.8094367999;0.8094367999:0:-0.3817878127
-1202.391385:-46.5568058:-111.7720242;0.07627950218:0.8996481868:0.4299006601;-0.1571742361:0.4366155517:-0.8858121243;0.8858121243:0:-0.1571742361
-1202.753079:-34.51123917:-137.7006352;-0.05685367033:0.9176065045:0.3934030542;0.1312468169:0.3974900035:-0.9081717735;0.9081717735:-0:0.1312468169
-1195.587611:-23.82300767:-163.4637998;-0.1282600318:0.9394994736:0.3176320251;0.3517737874:0.3425503454:-0.8711569683;0.8711569683:-0:0.3517737874
-1183.136726:-14.81733297:-187.6022501;-0.1519405889:0.9581442556:0.2426389147;0.5085162419:0.2862858458:-0.8120662819;0.8120662819:-0:0.5085162419
-1166.775801:-7.344476179:-210.111108;-0.1471680448:0.9735656302:0.1746754999;0.6272901766:0.228407451:-0.7445381594;0.7445381594:-0:0.6272901766
-1146.511371:-2.196470577:-229.7732638;-0.09340536336:0.9930502944:0.07159993631;0.7881352025:0.1176907506:-0.6041455038;0.6041455038:-0:0.7881352025
-1121.803041:-0.7467684284:-244.1591147;0.00966165196:0.9999447038:-0.004152338194;0.9186933262:-0.01051615096:-0.3948315881;0.3948315881:-0:0.9186933262
-1094.399085:-2.424467037:-252.3989525;0.09356557763:0.9954502839:-0.01800596813;0.9775141999:-0.0952823814:-0.1881150095;0.1881150095:-0:0.9775141999
-1065.991069:-5.340750171:-256.2191687;0.09096048735:0.9958114428:-0.00926067727;0.9906903008:-0.09143068633:-0.1008620712;0.1008620712:-0:0.9906903008
-1037.429623:-7.281917609:-258.849598;0.04485465222:0.9989869116:-0.003634648323;0.9957232337:-0.04500167212:-0.08068513749;0.08068513749:-0:0.9957232337
-1008.772781:-8.013597097:-260.7933974;0.007252610638:0.9999736186:-0.0004021935366;0.9984395678:-0.007263753899:-0.05536846812;0.05536846812:-0:0.9984395678
-980.0273029:-7.761853807:-262.181816;-0.02369052123:0.9997187969:0.001042302685;0.9987526205:0.02371343904:-0.04394173214;0.04394173214:-0:0.9987526205
-951.303858:-6.938647965:-263.3720425;-0.02447880127:0.9996999215:0.0009248231942;0.9989872126:0.02449626521:-0.0377423116;0.0377423116:-0:0.9989872126
-922.5722207:-6.828509795:-264.2813036;0.01964549821:0.9998069041:-0.0004570112747;0.9995364849:-0.0196508132:-0.02325211803;0.02325211803:-0:0.9995364849
-893.8276091:-7.919008386:-264.5205917;0.05277230856:0.99860643:0.0005305374566;0.9985559695:-0.05277497533:0.01003881314;-0.01003881314:0:0.9985559695
-865.1396767:-9.638411228:-263.4491609;0.06212589918:0.9980587874:0.004362288014;0.9956074273:-0.06227886403:0.06990846659;-0.06990846659:0:0.9956074273
-836.6275806:-11.2514218:-260.2191888;0.04639519541:0.9988962194:0.007336804177;0.9866358178:-0.04697172397:0.1560237806;-0.1560237806:0:0.9866358178
-808.4353807:-12.25053858:-254.6059782;0.02055751168:0.9997767048:0.004891749489;0.9726198574:-0.02113150491:0.2314391335;-0.2314391335:0:0.9726198574
-780.6915442:-12.39520993:-247.0582837;-0.01168747105:0.9999253866:-0.003553063077;0.9566935041:0.01221561447:0.2908407089;-0.2908407089:0:0.9566935041
-753.4114575:-11.49301346:-238.0183145;-0.04727510006:0.9987385848:-0.01692052226;0.9403234426:0.0502119424:0.3365569553;-0.3365569553:0:0.9403234426
-726.6306533:-9.598077406:-227.7091323;-0.07375384102:0.996811794:-0.03044040501;0.9214166535:0.0797887669:0.3802960732;-0.3802960732:0:0.9214166535
-700.4406278:-7.008799225:-216.1166763;-0.08885279166:0.9951517479:-0.0421684732;0.899041672:0.09835140424:0.4266744347;-0.4266744347:0:0.899041672
-674.9588175:-4.04834677:-203.1266008;-0.09305234416:0.994364556:-0.05079755027;0.8727836643:0.1060147625:0.4764551872;-0.4764551872:0:0.8727836643
-650.2251876:-0.9771865283:-188.7777383;-0.09072792671:0.9943181383:-0.05567659406;0.8474689599:0.1064492358:0.5200624214;-0.5200624214:0:0.8474689599
-626.1683082:2.021476695:-173.309239;-0.08419543913:0.9948531148:-0.05637737142;0.8266464936:0.1013275874:0.5535235267;-0.5535235267:0:0.8266464936
-602.605656:4.807718436:-157.05527;-0.07477659224:0.9957967337:-0.05288975755;0.8129891673:0.09159074844:0.5750302154;-0.5750302154:0:0.8129891673
-579.3459669:7.237522212:-140.3150466;-0.06176270958:0.9970730544:-0.04506319913;0.8054693483:0.07645472:0.5876851239;-0.5876851239:0:0.8054693483
-556.3367219:9.174356527:-123.1747309;-0.04604861782:0.9983119959:-0.03539327029;0.7915247444:0.05807890138:0.6083711205;-0.6083711205:0:0.7915247444
-534.0091203:10.57027388:-105.1017189;-0.02964284136:0.9992355507:-0.02548756914;0.757672246:0.03909365965:0.651463317;-0.651463317:0:0.757672246
-512.9424978:11.44306573:-85.55391117;-0.01545924488:0.9997587964:-0.01560002228;0.7037247787:0.02196244402:0.7101331473;-0.7101331473:0:0.7037247787
-493.6175036:11.86393103:-64.27127537;-0.005133636988:0.9999679384:-0.006145562053;0.6410725091:0.008007631464:0.7674385421;-0.7674385421:0:0.6410725091
-475.9964859:11.94386853:-41.54840985;0.001035057527:0.9999984457:0.001427353012;0.5870508944:-0.001763145117:0.8095481077;-0.8095481077:0:0.5870508944
-459.5949728:11.80149264:-17.92285651;0.004165435429:0.9999721655:0.00619010013;0.5582706035:-0.007461111977:0.8296253764;-0.8296253764:0:0.5582706035
-443.6760407:11.54354753:6.026966425;0.005592896113:0.999948508:0.008467635159;0.5511059965:-0.01014797182:0.834373537;-0.834373537:0:0.5511059965
-427.7532211:11.23734575:29.97604869;0.006005216343:0.9999424262:0.008892785207;0.5596062053:-0.01073052897:0.8286891762;-0.8286891762:0:0.5596062053
-411.2353009:10.95449857:53.51408488;0.005007166916:0.9999644114:0.006790005392;0.5934855484:-0.008436580691:0.8048004274;-0.8048004274:0:0.5934855484
-393.4412272:10.76498521:76.10450898;0.003094967983:0.9999885062:0.003661779401;0.6455140823:-0.004794523459:0.7637333187;-0.7637333187:0:0.6455140823
-374.0163028:10.67349608:97.302621;0.001362337067:0.9999981412:0.001364430782;0.7065623161:-0.001928116605:0.7076482006;-0.7076482006:0:0.7065623161
-352.7427437:10.61783511:116.6352426;0.00201990489:0.9999965917:0.001654262396;0.7736518:-0.002610861896:0.6336056154;-0.6336056154:0:0.7736518
-329.4963289:10.49222908:133.55106;0.005505947361:0.9999786424:0.003521266584;0.8424297967:-0.006535654114:0.5387664826;-0.5387664826:0:0.8424297967
-304.3220555:10.22257871:147.40734;0.01089856065:0.9999277319:0.005074686802;0.9064777511:-0.01202210757:0.422082404;-0.422082404:0:0.9064777511
-277.5057617:9.842145264:157.7383333;0.01302972447:0.9999070255:0.004020773017;0.9554501807:-0.01363599411:0.2948372634;-0.2948372634:0:0.9554501807
-249.5417467:9.484150153:164.3583748;0.01031492805:0.9999452776:0.001744746373;0.985940401:-0.01046144734:0.1667695529;-0.1667695529:0:0.985940401
-220.958212:9.286619826:167.4096245;0.002401192438:0.9999971107:0.0001136062661;0.9988797561:-0.00240387843:0.04725943558;-0.04725943558:0:0.9988797561
-192.2113571:9.399462212:167.2166259;-0.01117567573:0.999937338:0.0006514523468;0.9982427838:0.01119464685:-0.05818955561;0.05818955561:-0:0.9982427838
-163.6085604:9.916865554:164.3675438;-0.02316646803:0.9997268706:0.003082046066;0.9909953245:0.02337058513:-0.1318411265;0.1318411265:-0:0.9909953245
-135.1711055:10.66283094:160.0925276;-0.02671652586:0.999633946:0.004266281302;0.987127334:0.02705501636:-0.1576313818;0.1576313818:-0:0.987127334
-106.7593732:11.38820495:155.7348858;-0.02170584182:0.9997598286:0.003023493531;0.9901996475:0.02191540742:-0.1379288697;0.1379288697:-0:0.9901996475
-78.19871311:11.85608819:152.3563982;-0.009715878946:0.9999523451:0.0009534987517;0.9951715285:0.009762554151:-0.09766433026;0.09766433026:-0:0.9951715285
-49.53325309:11.90287422:150.0744607;0.007030764365:0.9999751881:-0.0004375691866;0.9980441618:-0.007044367562:-0.06211463638;0.06211463638:-0:0.9980441618
-20.81601456:11.43710546:148.7001957;0.02552696023:0.9996737342:-0.0008941184517;0.9990610724:-0.02554261433:-0.03499354921;0.03499354921:-0:0.9990610724
7.936413982:10.53794034:147.980071;0.03311973054:0.9994512442:-0.0005421482335;0.9993173669:-0.03312416755:-0.01635816887;0.01635816887:-0:0.9993173669
36.67006878:9.744554835:147.685925;0.01924365366:0.9998148187:-0.0001003301109;0.9998012303:-0.01924391521:-0.005212636335;0.005212636335:-0:0.9998012303
65.4135978:9.542533611:147.6251457;-0.006951784315:0.9999758361:-2.590291883e-007;0.9999758354:0.00695178432:3.725992022e-005;-3.725992022e-005:0:0.9999758354
94.2246056:10.07407639:147.6485233;-0.02572282713:0.9996691129:-2.969752485e-005;0.9996684467:0.02572284428:0.001154137466;-0.001154137466:0:0.9996684467
122.9226365:10.78495959:147.6673842;-0.02022907376:0.9997953713:3.791292718e-006;0.9997953538:0.02022907412:-0.0001873796541;0.0001873796541:-0:0.9997953538
151.6305323:11.06466429:147.6226384;0.003503505767:0.9999938626:-1.108788226e-005;0.9999888547:-0.003503523312:-0.003164761076;0.003164761076:-0:0.9999888547
180.5698767:10.21341039:147.4854717;0.06540853344:0.9978584901:-0.0003968378309;0.9978401254:-0.06540973725:-0.006053961007;0.006053961007:-0:0.9978401254
208.9193026:6.678235155:147.2878608;0.1976464486:0.9802721497:-0.001547183693;0.9802421165:-0.1976525042:-0.007673371458;0.007673371458:-0:0.9802421165
235.9884969:-2.042782775:147.0480068;0.4257492105:0.9048311058:-0.004275475287;0.9047854847:-0.4257706776:-0.009086072;0.009086072:-0:0.9047854847
260.5260215:-18.21238965:146.5849343;0.6672311508:0.7444109212:-0.02559241734;0.7438639381:-0.6677217837:-0.02853175594;0.02853175594:-0:0.7438639381
277.7156591:-40.25327143:145.1077453;0.8736452891:0.4665272713:-0.1381890517;0.4607984314:-0.8845068146:-0.07288690167;0.07288690167:-0:0.4607984314
287.8261368:-66.85295701:143.3008899;0.9480386742:0.2892233127:-0.1325614861;0.2864367173:-0.9572616546:-0.04005161175;0.04005161175:-0:0.2864367173
298.0352963:-94.93967058:142.9377038;0.8702508379:0.4921806581:0.02053481999;0.4920436942:-0.8704930785:0.01161047855;-0.01161047855:0:0.4920436942
318.6951854:-110.1843478:143.6363641;0.2142419154:0.9767544293:0.00715447936;0.9762102531:-0.2143613419:0.03259995176;-0.03259995176:0:0.9762102531
348.5938338:-111.619932:144.4435032;-0.01509540338:0.9998860213:-0.0002704995432;0.999725527:0.01509782677:0.01791441352;-0.01791441352:0:0.999725527
377.1684379:-111.7779614:144.6566591;0.02108330264:0.9997777225:-6.025422011e-006;0.9997776816:-0.0210833035:-0.0002857276467;0.0002857276467:-0:0.9997776816
405.4886254:-112.4468713:144.6211817;0.02259041922:0.9997448038:-1.536772435e-005;0.9997445725:-0.02259042445:-0.0006801024301;0.0006801024301:-0:0.9997445725
434.6725795:-113.0525806:144.5966539;0.01889121664:0.9998215446:-3.075342343e-005;0.9998202197:-0.01889124167:-0.001627629134;0.001627629134:-0:0.9998202197
463.3293742:-113.4885817:144.5678401;0.009734902062:0.9999526146:1.659545551e-005;0.9999511616:-0.009734916208:0.001704654542;-0.001704654542:0:0.9999511616
491.9748785:-113.5143838:144.8103954;-0.009387952495:0.9999559195:-0.0001595380347;0.9998115606:0.009389307985:0.01699070927;-0.01699070927:0:0.9998115606
520.831969:-112.8596619:145.6454544;-0.03751279728:0.9992948645:-0.001601176994;0.9983858088:0.03754695364:0.04261458765;-0.04261458765:0:0.9983858088
549.4761311:-111.4395102:147.2481964;-0.05654049082:0.9983931479:-0.003780899447;0.9961683572:0.05666676542:0.06661442687;-0.06661442687:0:0.9961683572
578.0934276:-109.884768:149.3306588;-0.0453122915:0.9989669691:-0.003433779509;0.9961109028:0.04544221169:0.07548559327;-0.07548559327:0:0.9961109028
606.7980326:-109.2495517:151.4078721;0.008895743142:0.9999602613:0.0005843996924;0.9978094353:-0.008914918342:0.06555040066;-0.06555040066:0:0.9978094353
635.4695981:-110.605679:152.9741633;0.0849874181:0.9963755092:0.00360325422;0.9954811982:-0.08506376829:0.04220591599;-0.04220591599:0:0.9954811982
663.9863923:-114.0982422:153.7755478;0.1547138589:0.9879570486:0.002119452732;0.9878643579:-0.1547283756:0.01353292993;-0.01353292993:0:0.9878643579
692.3039246:-119.1882827:153.8095766;0.1932653278:0.9811445405:-0.001975804505;0.9810932721:-0.1932754271:-0.01002998587;0.01002998587:-0:0.9810932721
720.4625604:-124.989236:153.1868456;0.2078339449:0.9781361113:-0.007402644414;0.9775162463:-0.2079657371:-0.03481724405;0.03481724405:-0:0.9775162463
748.5377479:-131.0269433:151.7088159;0.2098205368:0.9776206644:-0.01527019497;0.9750418949:-0.2103754656:-0.07096102253;0.07096102253:-0:0.9750418949
776.516184:-137.0284407:148.8599519;0.2040393826:0.9785711953:-0.02768295558;0.9696870919:-0.2059087557:-0.1315618796;0.1315618796:-0:0.9696870919
804.2546201:-142.8091759:143.9360853;0.1901710806:0.9808346679:-0.04240653753;0.9573218972:-0.19484187:-0.213474661;0.213474661:-0:0.9573218972
831.4786033:-148.1694435:136.4423799;0.1683413177:0.9841609565:-0.05557348762;0.934552983:-0.1772772173:-0.3085182493;0.3085182493:-0:0.934552983
857.9225948:-152.9913057:126.2407482;0.144342922:0.9874618607:-0.06390770247;0.9029212564:-0.1578577637:-0.3997675965;0.3997675965:-0:0.9029212564
883.3232654:-157.2260453:113.4418063;0.1179276637:0.9907391363:-0.06729806861;0.8604825924:-0.1357790996:-0.4910537081;0.4910537081:-0:0.8604825924
907.2684764:-160.7566262:97.95306322;0.08817191809:0.9940258971:-0.06432906632;0.8030197759:-0.1091444727:-0.5858726173;0.5858726173:-0:0.8030197759
929.4213264:-163.4733854:79.83932274;0.05857404338:0.9968501938:-0.0534674909;0.7362417517:-0.07930757304:-0.6720553488;0.6720553488:-0:0.7362417517
949.6005119:-165.2989328:59.42294636;0.03159234933:0.9988788654:-0.03525529415;0.6666112319:-0.04733933145:-0.7439008356;0.7439008356:-0:0.6666112319
967.8026195:-166.1872701:37.20607796;0.008847863241:0.9998915794:-0.01177050735;0.6008030115:-0.0147251325:-0.799261479;0.799261479:-0:0.6008030115
984.2277598:-166.1890936:13.62208412;-0.007463679538:0.9999058153:0.0115175558;0.5437722507:0.01372445277:-0.8391205985;0.8391205985:-0:0.5437722507
999.1929998:-165.4754449:-10.98667634;-0.01685810989:0.9994234414:0.02947183268;0.4962314587:0.03395268459:-0.8675261118;0.8675261118:-0:0.4962314587
1012.863057:-164.338748:-36.20461527;-0.02014261227:0.9990391029:0.03892487795;0.4591442876:0.04382774181:-0.8872799176;0.8872799176:-0:0.4591442876
1025.840398:-163.0213376:-61.78632617;-0.02111569138:0.9989007189:0.0418507028;0.4499638689:0.04687593996:-0.8918156552;0.8918156552:-0:0.4499638689
1039.068678:-161.6739779:-87.49622726;-0.02151329498:0.9989445147:0.04058367509;0.4678663759:0.04593317477:-0.88260478;0.88260478:-0:0.4678663759
1052.991989:-160.4014739:-112.4100803;-0.0216691118:0.9991125109:0.0361198029;0.5139908344:0.04212114158:-0.8567608952;0.8567608952:-0:0.5139908344
1068.972605:-159.354851:-136.1323133;-0.01796708839:0.9995639552:0.02343252459;0.6082121385:0.02952794395:-0.7932251226;0.7932251226:-0:0.6082121385
1089.208222:-158.8999271:-157.244762;0.004092203028:0.9999868141:-0.003102484731;0.7968631128:-0.005135322495:-0.6041380702;0.6041380702:-0:0.7968631128
1114.897055:-159.9877885:-167.7730543;0.07109948883:0.9974312886:-0.008699837872;0.9900471693:-0.07162977377:-0.1211436257;0.1211436257:-0:0.9900471693
1143.611675:-162.656149:-165.9635338;0.1049791041:0.9942280367:0.02213591711;0.9728360978:-0.1072875162:0.2051324347;-0.2051324347:0:0.9728360978
1171.019258:-166.0013505:-158.0736311;0.1172106117:0.9923951684:0.03759657245;0.9449722009:-0.1230927689:0.3031100623;-0.3031100623:0:0.9449722009
1198.532547:-169.5920752:-150.8187898;0.1233582538:0.9921042919:0.02262333267;0.9758295477:-0.125415605:0.1789626215;-0.1789626215:0:0.9758295477
1226.993535:-173.1623366:-148.2951308;0.1211208483:0.9926367536:-0.001419699299;0.9925685715:-0.1211291684:-0.01163423907;0.01163423907:-0:0.9925685715
1255.301599:-176.4930393:-151.4693437;0.1073650852:0.9939723966:-0.02217235303;0.9734317158:-0.1096306287:-0.2010269132;0.2010269132:-0:0.9734317158
1282.77399:-179.4138549:-159.3817933;0.0874207582:0.995660969:-0.03188802009;0.9353761534:-0.09305500948:-0.3411923459;0.3411923459:-0:0.9353761534
1309.125524:-181.8490921:-170.6639706;0.06865902724:0.9970825593:-0.0333512793;0.8968705033:-0.07633066129:-0.4356568954;0.4356568954:-0:0.8968705033
1334.547703:-183.8531298:-183.8799892;0.05706667341:0.9978993101:-0.03066531591;0.8790255766:-0.06478400122:-0.4723526954;0.4723526954:-0:0.8790255766
1360.042716:-185.6685691:-197.1392511;0.0566228504:0.9980167615:-0.02750266312;0.8977233734:-0.0629487384:-0.4360392198;0.4360392198:-0:0.8977233734
1386.504558:-187.568015:-208.1927442;0.06693716335:0.9975036287:-0.02249281882;0.9455476269:-0.0706152302:-0.3177312929;0.3177312929:-0:0.9455476269
1414.318009:-189.6620572:-214.8120543;0.07093741658:0.9974314651:-0.009917430873;0.987824402:-0.07162731676:-0.1381031435;0.1381031435:-0:0.987824402
1443.02359:-191.4656758:-215.8142451;0.04824967041:0.9988286792:0.003638529967;0.9960006966:-0.04838666753:0.07510887331;-0.07510887331:0:0.9960006966
1471.06899:-192.0695324:-209.9632791;-0.01279750654:0.9999072571:-0.00465843852;0.9395930332:0.01361900228:0.3420225938;-0.3420225938:0:0.9395930332
1496.236363:-190.496587:-196.4212855;-0.07711610441:0.9954568067:-0.05584668624;0.8062425815:0.09521421072:0.5838725494;-0.5838725494:0:0.8062425815
1517.224263:-186.5941138:-177.1953479;-0.1167886255:0.9842674933:-0.1325817432;0.6506008369:0.1766847523:0.7385804285;-0.7385804285:0:0.6506008369
1533.832479:-180.2535414:-154.6356261;-0.1402609803:0.9640145224:-0.2258381236;0.5086094944:0.2658495828:0.8189263591;-0.8189263591:0:0.5086094944
1546.606825:-171.2810334:-130.517097;-0.1449001575:0.934153926:-0.3261294021;0.3792947584:0.3568703442:0.8536855649;-0.8536855649:0:0.3792947584
1555.652353:-159.818639:-105.7907361;-0.1229092529:0.8995343181:-0.4192032039;0.2530870217:0.4368501008:0.8631969351;-0.8631969351:0:0.2530870217
1561.518048:-146.4839706:-80.98130482;-0.08930957705:0.874946361:-0.475912455;0.1613752288:0.4842198523:0.8599355617;-0.8599355617:0:0.1613752288
1565.217496:-132.1667354:-56.32746377;-0.05851093048:0.8604105759:-0.5062312831;0.09878979561:0.5096014531:0.8547203843;-0.8547203843:0:0.09878979561
1567.361893:-117.2833178:-31.8219546;-0.03229325422:0.8515731999:-0.5232401275;0.05245745192:0.5242357153:0.849955958;-0.849955958:0:0.05245745192
1568.310123:-102.0687379:-7.427911884;-0.009228670042:0.8463404363:-0.5325623884;0.01466386728:0.5326423434:0.8462133922;-0.8462133922:0:0.01466386728
1568.269994:-86.69691523:16.87662688;0.01039887784:0.844621493:-0.5352629232;-0.01640587887:0.5353639263:0.8444621445;-0.8444621445:0:-0.01640587887
1567.424384:-71.33285816:41.1716017;0.02622340616:0.8466797803:-0.5314561906;-0.04172657867:0.5321027622:0.8456509582;-0.8456509582:0:-0.04172657867
