635.4060866:275.9932284:227.5958852;0:1:0;-0.9952016562:0:0.09784509903;-0.09784509903:0:-0.9952016562
601.012152:275.9696876:228.7101125;-0.001528110835:0.9999977861:0.00144659425;-0.9998321194:-0.001474507734:-0.01826359544;0.01826142199:0.001474260193:-0.9998321591
566.6021477:275.8847665:227.3453385;-0.003876263048:0.9999869458:0.00332907306;-0.9987172542:-0.003525120653:-0.05051157976;0.05049918499:0.003520598875:-0.9987178811
532.1806925:275.7242435:225.6644429;-0.006299124046:0.9999646871:0.005562867562;-0.9991290175:-0.005823370463:-0.04131942393;0.04128557019:0.005818298578:-0.9991304175
497.748918:275.4831606:224.6420442;-0.008467284419:0.9999322758:0.007984285514;-0.9997751467:-0.008150080959:-0.01957631995;0.01950992159:0.00814824849:-0.9997764468
463.3099725:275.1644759:224.2076982;-0.01047293074:0.9998926853:0.01024380562;-0.9999194241:-0.01032121091:-0.007390394272;0.007283872696:0.0103203793:-0.9999202114
428.8682545:274.7750707:224.0005418;-0.01240592017:0.9998490522:0.01216412734;-0.9999033338:-0.01224582875:-0.006585045565;0.006435091746:0.01224464503:-0.9999043213
394.4284438:274.3247667:223.6694665;-0.01419247774:0.9998061791:0.01364469533;-0.9998178996:-0.01383132755:-0.01314770104;0.01295642849:0.01382880908:-0.9998204148
359.9935741:273.8272006:223.0606871;-0.01564402742:0.9997707465:0.0146191264;-0.9996323994:-0.01497285207:-0.02260265152;0.02237857977:0.0149673489:-0.9996374658
325.5670762:273.3003698:222.0912346;-0.01655555468:0.999751179:0.0149497089;-0.9993020495:-0.01551268908:-0.03398191192;0.03374154632:0.01550186415:-0.9993102233
291.1552979:272.7653648:220.690543;-0.0169182355:0.999749586:0.01464713398;-0.9987324498:-0.01545856233:-0.04790121694;0.04766279817:0.01543897207:-0.9987438848
256.7729151:272.2420627:218.7538269;-0.01671237062:0.9997660544:0.01373073955;-0.9977704917:-0.01482067369:-0.06507221827;0.0648534961:0.01478763778:-0.9977847562
222.4349504:271.7529341:216.1761547;-0.0156931832:0.9998033876:0.01212065182;-0.9962827444:-0.01346088318:-0.08508523888;0.08490535538:0.0134108545:-0.9962981069
188.1421308:271.3308597:212.8775256;-0.01289801975:0.9998734025:0.009317726047;-0.9942725364:-0.01069716477:-0.1063376412;0.1062245059:0.01063590411:-0.9942846363
153.8502862:271.0360549:208.8314336;-0.007915137835:0.999954578:0.005309658919;-0.991582118:-0.006341963435:-0.129323945;0.1292843972:0.006288579686:-0.9915872759
119.6264051:270.8772181:203.759164;-0.004070724034:0.999988813:0.002408938197;-0.9860217109:-0.003096685507:-0.1665881036;0.1665787803:0.003053399559:-0.986023286
85.78044138:270.7539765:196.9414207;-0.00824986189:0.9999589176:0.003755368548;-0.9716008153:-0.005763957765:-0.2365557704;0.2365244064:0.005600271578:-0.9716084515
53.09639774:270.3703469:186.9811359;-0.02804624873:0.9995817269:0.007055433244;-0.9359750456:-0.01759144821:-0.3516265846;0.3513553933:0.0164655161:-0.9360769266
22.28527139:269.5503732:172.8290245;-0.05278793235:0.9986046611:0.001471402839;-0.8746443854:-0.03066570959:-0.483794185;0.4830740065:0.02682544894:-0.8750427394
-6.312415601:268.4167885:154.2858509;-0.0562124364:0.9983723608:-0.009632818597;-0.8034699903:-0.03194982877:-0.594487328;0.593827484:0.02567790045:-0.8039582087
-33.05649952:267.607049:132.4751335;-0.02113451053:0.9997545108:-0.006652108249;-0.7471640521:-0.01214424518:-0.6645287026;0.6644463529:0.009074272711:-0.747237294
-58.00546608:267.7290117:108.3856022;0.03602856142:0.999216082:0.01640622361;-0.6903526681:0.02132910796:-0.7231585323;0.7229415654:-0.01472828135:-0.6905799453
-80.53944283:269.09562:82.34706169;0.08871485877:0.9943186535:0.05882252201;-0.6088704539:0.05631775726:-0.7912680207;0.7900853054:-0.03438193503:-0.6104074718
-99.24541149:271.4668534:53.91551598;0.1071631686:0.9877658772:0.1132900132;-0.4801043859:0.08080937229:-0.8734813244;0.8719499415:-0.03921399424:-0.4828905183
-113.0379267:274.4881622:22.97262806;0.09065320097:0.9825369091:0.1624906748;-0.3268124348:0.09486900922:-0.9403156404;0.9393101522:-0.03213864966:-0.329705459
-121.5734091:277.8649986:-9.977051069;0.05586648318:0.9794738649:0.1936746863;-0.176041066:0.1018402954:-0.9791006574;0.9787273923:-0.02060421218:-0.1781170825
-125.3949029:281.4482588:-44.00501372;0.02264595875:0.9780378608:0.2071933961;-0.04998238504:0.1049687067:-0.9932186727;0.9931542888:-0.01213636899:-0.05126178194
-125.3011013:284.975027:-78.34107336;-0.02066256533:0.9811022075:0.1923837747;0.05132372228:0.09735338525:-0.9939256481;0.9938718592:0.01066320221:0.05236538791
-122.0839112:288.0561133:-112.5410084;-0.03331740778:0.9872993637:0.1553380727;0.1325213004:0.07992999488:-0.9879520742;0.9878206255:0.01233039874:0.1335012558
-116.3461801:290.4122842:-146.431337;-0.03403266272:0.9935095244:0.1085384857;0.1981473786:0.05727571552:-0.9784973729;0.978363079:0.01179425464:0.198810553
-108.5735418:292.1421284:-179.9381274;-0.03366203191:0.9959418291:0.08346700302;0.2511744339:0.04542309621:-0.9668754553;0.9667430392:0.01158221519:0.2516841589
-99.17147869:293.6511062:-213.0351413;-0.03692468824:0.9963632491:0.07679090598;0.2930564973:0.04312904695:-0.9551218638;0.9549602421:0.01276350312:0.2935832505
-88.50223949:295.1701773:-245.7492695;-0.04253404497:0.9960332298:0.07815791851;0.3248079776:0.04516396929:-0.9447010075;0.9444835175:0.01479563969:0.3254405453
-76.90255311:296.7180093:-278.1472558;-0.04396948393:0.9962584941:0.07440226745;0.3471198407:0.04395233169:-0.9367902693;0.9365554161:0.01536368146:0.3477536512
-64.69256927:298.2457746:-310.3216459;-0.0485070871:0.9957552336:0.07822133476;0.3602681413:0.04687706404:-0.9316702245;0.9313822886:0.01701195385:0.361012757
-52.18930034:300.0909998:-342.3613244;-0.06492169724:0.992572234:0.1028860219;0.3640842467:0.06204825561:-0.9292968715;0.92877817:0.02287235036:0.3654081921
-39.73825787:302.6211111:-374.3753685;-0.08903510656:0.9856331056:0.143527457;0.3570158795:0.08627618542:-0.9301054143;0.9291256895:0.03157045337:0.3595682794
-27.74589422:306.0314751:-406.5073975;-0.1082125784:0.9765629761:0.1860505082;0.3361185248:0.1100447637:-0.9353686371;0.9339202642:0.0386836296:0.3401491346
-16.75151225:310.106158:-438.9522265;-0.1251047216:0.9688993157:0.2135015799;0.2978970846:0.1249542872:-0.9463845693;0.9436292994:0.0547956798:0.3042646528
-7.453369017:314.5940389:-471.8864428;-0.1409107733:0.9620607806:0.2336304953;0.236765413:0.134164719:-0.962258784;0.9570964067:0.08027700864:0.2466879724
-0.7110993154:319.3565625:-505.4025325;-0.143859766:0.955088468:0.2590567236;0.1488171595:0.1421742128:-0.9785907961;0.97147197:0.1022277572:0.1625867018
2.474576482:324.4366795:-539.3672701;-0.1363482652:0.9458991081:0.294421514;0.03082266799:0.152574809:-0.9878111615;0.9792910029:0.1256114816:0.04995844467
1.073133311:329.8942885:-573.307526;-0.06082689004:0.9420008451:0.3300522645;-0.1174058377:0.1645182164:-0.9793618462;0.9768592966:0.09832159791:-0.1005892668
-5.853795743:335.7376639:-606.3661954;-2.992213599e-005:0.9366135057:0.3503642962;-0.2891818676:0.1755898215:-0.9410324447;0.9429041013:0.1013471592:-0.2708463888
-18.87020913:341.8767511:-637.2879615;0.07370351391:0.9371067489:0.3411725857;-0.4726908734:0.1828341242:-0.8620527949;0.8702134829:0.09773284737:-0.456437325
-37.94465926:348.1378412:-664.7763367;0.130160568:0.9440430971:0.3030525654;-0.6430314024:0.183125228:-0.7436234036;0.7575091111:0.09808187155:-0.6308850403
-62.40873143:354.2756475:-687.7423678;0.1600523246:0.9563756715:0.2443948208;-0.7815632281:0.1745412955:-0.5989108921;0.6154407952:0.09515292459:-0.7754037971
-91.05609725:359.9938951:-705.7218478;0.1500679168:0.9681233405:0.2005413121;-0.8799179026:0.156705009:-0.4485398809;0.465667756:0.1091484452:-0.8753854535
-122.6051497:364.9346055:-718.7625322;0.1125771072:0.9757896651:0.1875124647;-0.9422859056:0.127687338:-0.3095047912;0.3259545441:0.1418471986:-0.9338475194
-155.9091302:368.6704271:-727.2554253;0.06254864957:0.9760499271:0.2083607596;-0.9793586007:0.08575325449:-0.1830385493;0.196522376:0.1926110879:-0.9612666411
-190.1486672:370.7024181:-731.5272439;0.01423436213:0.9652362636:0.2609910696;-0.9974904199:0.0300486844:-0.06410880354;0.06972258027:0.2594235437:-0.9632416498
-224.6478105:370.6841006:-731.6174128;-0.008226419722:0.9429961365:0.3327019876;-0.9976770061:-0.0319664919:0.06015592187;-0.06736211731:0.3314342551:-0.941068532
-258.7431364:368.506874:-727.2583722;0.01227514372:0.9141441476:0.4052034036;-0.9763194293:-0.09332517767:0.1951686021;-0.216227915:0.3980036784:-0.8913511125
-291.5674347:364.334427:-718.0325484;0.07063995174:0.8991881225:0.4318225534;-0.9276279358:-0.1482879158:0.3428076819;-0.3722826623:0.4247865819:-0.8236369707
-322.0826995:358.3977676:-703.6859101;0.1399839263:0.9044737351:0.402904161;-0.8465530229:-0.196958023:0.494525547;-0.5266405755:0.4103053632:-0.7381140172
-349.1969633:351.0506961:-684.2668997;0.2000339429:0.9219491274:0.3316567929;-0.7351841231:-0.228007656:0.6383704363;-0.6641653546:0.3715245639:-0.6321930903
-372.0985909:343.1405448:-660.2499897;0.2197087101:0.9482455083:0.2292564911;-0.6036980903:-0.229451401:0.7634793189;-0.7765690579:0.3061447622:-0.5220415312
-390.4912742:335.7929875:-632.40893;0.1871209606:0.9738708903:0.1286904622;-0.4727417486:-0.1939342526:0.8595956868;-0.8620927055:0.2216857247:-0.4241002639
-404.6691338:330.0344096:-601.7291426;0.1278842513:0.989963323:0.06015178631;-0.3585416135:-0.1429002732:0.922511476;-0.9218482329:0.1395416079:-0.3366683527
-415.520561:325.8489195:-569.2575033;0.0698260129:0.9972513706:0.02477966615;-0.2766298992:-0.1039512897:0.9553376514;-0.9552876605:0.07356221572:-0.268611042
-424.2663854:322.3841418:-535.9301236;0.02498400309:0.9996413074:0.00964655666;-0.2355626441:-0.1032574652:0.9663581823;-0.9670076358:0.0264158642:-0.2328983647
-432.3036518:318.2640286:-502.525463;-0.0006764766659:0.9999850713:0.005422136618;-0.2354616216:-0.1403482971:0.9616965115;-0.9624431423:0.0006261398307:-0.2355530488
-440.9706978:312.3328481:-469.6890284;-0.007378412402:0.9999104897:0.01116116873;-0.2727196217:-0.2070600182:0.939547847;-0.9417747796:-0.003888501774:-0.2742229847
-451.3940666:303.9093761:-438.0734468;0.003608333351:0.999420033:0.03386115025;-0.3384605976:-0.2844757714:0.8969492513;-0.9060617272:0.01469715705:-0.3372378182
-464.4215932:292.8850733:-408.3507305;0.01795619134:0.9967385527:0.07867548954;-0.4233512792:-0.3550903385:0.8334773818;-0.8586959455:0.04827344848:-0.4155944713
-480.5562025:279.7980562:-381.1058604;0.01230945282:0.9907067248:0.1354572358;-0.5185096821:-0.4038357736:0.7537004561;-0.8013985879:0.07951352846:-0.5087200316
-499.9835366:265.5344502:-356.7062511;-0.02596728423:0.9839993453:0.1762696475;-0.6133517822:-0.4221378217:0.6675322095;-0.7312613421:0.09078130385:-0.6144995249
-522.5621349:251.0187697:-335.2922835;-0.08410015583:0.9782436426:0.1896484632;-0.6977237637:-0.4219154478:0.578937738;-0.6463577779:0.08363348554:-0.718026991
-547.7753005:236.5619816:-316.8739815;-0.1247276442:0.969312958:0.2118381559;-0.7640979899:-0.4176108509:0.4916863219;-0.5650638356:0.1005382325:-0.7927377003
-575.0237349:222.2384731:-301.3457207;-0.1490182654:0.9555615579:0.2543534267;-0.8132347223:-0.4131139133:0.4098611729;-0.4967245204:0.1457722373:-0.838657357
-603.8149481:208.2741267:-288.463176;-0.1712997743:0.9483179064:0.2671133387;-0.8560496509:-0.3897885538:0.339475888;-0.4260487854:0.1705101373:-0.878577904
-634.0481448:195.7978691:-277.7786131;-0.1748391039:0.9564809584:0.2336139209;-0.9002499594:-0.3313665835:0.2823936931;-0.347516037:0.1609374625:-0.9190077805
-665.698613:185.5437736:-269.0348844;-0.1636633639:0.9683065384:0.1886710127;-0.9377909653:-0.2639436356:0.2255700838;-0.2682195:0.1400164124:-0.9512670266
-698.6698735:177.8233943:-262.3323156;-0.1303302138:0.9839344168:0.1220126997;-0.971157266:-0.1771611085:0.15958542;-0.1786374922:0.09769471794:-0.9786445033
-732.6566246:173.6554419:-258.2142524;-0.06025601879:0.9975812685:0.03465292085;-0.9945813674:-0.0681650598:0.07849476537;-0.08066702603:0.02973536734:-0.9962830973
-767.102858:172.2222654:-256.7665567;-0.02868811733:0.9991564162:0.02938448333;-0.9995439577:-0.02915918542:0.007849744948;-0.008699950628:0.02914588836:-0.9995372808
-801.4260887:171.2112829:-257.2506357;-0.02946512004:0.999230939:0.02587155413;-0.9992614279:-0.02804869399:-0.02626536685;0.02551950388:0.02662635831:-0.999319393
-835.7240907:170.402821:-257.9159293;-0.01847624651:0.9997108354:0.01539070868;-0.9998179606:-0.01829580112:-0.005413813548;0.005130662719:0.01548793392:-0.9998668863
-870.0668331:169.9567974:-257.2989513;-0.007223579223:0.9999664419:0.003864590404;-0.9989255407:-0.007746616405:0.04569194837;-0.04572035253:0.00353037865:-0.9989479769
-904.3478465:169.8285423:-254.7617239;-0.001241954695:0.9999884162:-0.004650272007;-0.9951950122:-0.0008654274434:0.09790882914;-0.09790367051:-0.004749525837:-0.9951845588
-938.5554217:169.8232993:-250.829049;-0.0009001199416:0.999975493:-0.00694284829;-0.9919013684:-1.261831697e-005:0.1270105318;-0.1270073315:-0.007000945432:-0.9918770713
-972.7105441:169.8227139:-246.2228961;-0.001171004875:0.9999647652:-0.008312462096;-0.9905328443:-2.181289034e-005:0.1372759406;-0.1372709224:-0.008394517519:-0.9904979687
-1006.829165:169.8217849:-241.4283248;-0.001419918909:0.9999521047:-0.009683603619;-0.989822652:-3.198168963e-005:0.1423064178;-0.1422992923:-0.009787113789:-0.9897752896
-1040.876984:169.8155955:-236.3232403;-0.001103344293:0.9999971651:-0.002110058133;-0.9876424572:-0.0009000834045:0.1567213026;-0.1567189591:-0.002256900554:-0.9876406504
-1074.741363:169.6859772:-230.403521;-0.002500928941:0.9997948468:0.02009998945;-0.9814987372:-0.007792337778:0.1913099798;-0.1914273578:0.0192496616:-0.9813168677
-1108.262258:169.2803063:-223.0213288;-0.001097867816:0.9991129799:0.04209570051;-0.9707298017:-0.01469221451:0.2397244063;-0.240130245:0.0406003653:-0.969884875
-1141.358613:168.7415731:-213.9009996;0.004989987953:0.9982663952:0.05864558115;-0.9569410478:-0.01724578212:0.2897695878;-0.2902786307:0.05756631063:-0.955196034
-1174.101753:167.9528569:-203.3683399;0.00722915779:0.9961602163:0.08725000108;-0.9474837713:-0.03086688934:0.3183107574;-0.3197816491:0.08496907876:-0.943622497
-1206.664468:166.7402024:-192.1827827;0.01253298671:0.9945122317:0.103866959;-0.9436036349:-0.03365215405:0.3293625856;-0.331050467:0.1021371369:-0.9380035948
-1239.072269:166.0048317:-180.8024396;0.02610711596:0.9957210551:0.08864535426;-0.9426911558:-0.007490261686:0.3335824946;-0.3328190904:0.09227406833:-0.9384618832
-1270.732716:166.0817866:-169.3250752;0.03775062019:0.9958371801:0.08296506172;-0.9362996097:0.009645903699:0.35106979;-0.3488080767:0.09093325721:-0.9327661018
-1301.237457:166.982554:-157.8745605;0.04967169192:0.9984910734:0.0234157947;-0.9393186417:0.05865754921:0.3379937591;-0.3361102382:0.03878361435:-0.9408148985
-1333.092227:170.6949127:-147.8124498;0.09926105923:0.9902423326:-0.09781290785;-0.9539403645:0.1618577404:0.2525863274;-0.2659534502:-0.06823569457:-0.9606983025
-1366.330514:177.7962623:-141.1637239;0.1903517899:0.9636200172:-0.1876237153;-0.9620147929:0.2444956557:0.1214471597;-0.1629020974:-0.1573791054:-0.9735568969
-1398.757673:187.0218861:-139.8935721;0.3093469454:0.9288009754:-0.2040421905;-0.9549807692:0.2929220807:-0.04699345812;-0.01612089326:-0.2093936508:-0.9776016208
-1431.947283:197.4221353:-144.3033693;0.3857299297:0.9104952897:-0.1490327106;-0.9338059188:0.2988311581:-0.1967395356;0.1345948029:-0.2150559545:-0.9654940122
-1465.088127:208.8037966:-153.7989163;0.4867248345:0.8685633063:-0.09325619799;-0.8842082325:0.3349995256:-0.3255013356;0.2514777342:-0.2408874817:-0.9310434145
-1495.039768:221.5469364:-167.7067786;0.5903550454:0.8070288403:0.01361511759;-0.8027840621:0.3788643142:-0.4604341223;0.3767418979:-0.2608896077:-0.8715343501
-1522.689317:235.6762285:-186.8563265;0.6296633055:0.7647268601:0.1368099085;-0.7123102516:0.3921468171:-0.5820953353;0.4987935082:-0.2690729726:-0.7916432432
-1547.603688:250.6207984:-210.5625717;0.6522749899:0.7169228129:0.2460874194;-0.6115884062:0.4054332645:-0.6793993593;0.5868489255:-0.2926509976:-0.702915659
-1567.796837:265.4700218:-236.6060797;0.6456243888:0.679406854:0.3486767491;-0.5089033516:0.4125594294:-0.7555210758;0.6571560779:-0.3103400665:-0.6121108545
-1584.503891:279.9539712:-264.195459;0.6309973678:0.6675401471:0.3952625379;-0.4420278029:0.405527161:-0.8000994583;0.694388205:-0.330143621:-0.5509578757
-1599.265766:294.008399:-292.5685382;0.638940391:0.6562073259:0.4014313417;-0.4083508983:0.399731579:-0.8206486511;0.698980441:-0.3604207211:-0.5233675024
-1612.367336:307.5724769:-321.3206747;0.6101801158:0.6575324916:0.4419629495;-0.3342808714:0.3848859278:-0.8603017619;0.735781681:-0.3771992689:-0.4546502743
-1621.269678:320.4387797:-352.730747;0.4997455285:0.6964283914:0.5150164099;-0.1704732133:0.3460989566:-0.9225802923;0.820757751:-0.3732588734:-0.2916837917
-1624.973044:332.3580207:-386.5431423;0.4411639325:0.7176784546:0.5388061067;-0.0421981675:0.317730492:-0.9472416002;0.8510100171:-0.395152199:-0.170455949
-1624.691511:343.2880983:-419.6371256;0.1891095963:0.7866714356:0.5876951701;0.05594776382:0.3149895225:-0.9474446941;0.9304454987:-0.2120511142:-0.01555503374
-1621.555757:354.0176943:-450.3824356;0.1074267069:0.7629075875:0.6375198158;0.1295648381:0.342119049:-0.930681207;0.9281314275:-0.182580169:0.06209327525
-1617.075739:365.1553289:-480.1536459;0.09444823512:0.7595214916:0.6435888709;0.1367600677:0.3462862687:-0.9281069464;0.927783161:-0.1756753206:0.07116608366
-1612.518288:376.5369386:-511.9089043;0.1163382911:0.7903297573:0.6015349339;0.1426404712:0.3168145131:-0.9377005174;0.9316676195:-0.1948937022:0.07587534995
-1606.520677:386.5294232:-544.5908038;0.1224418323:0.8472828814:0.516836257;0.2089277761:0.2579869357:-0.9432878274;0.9325686306:-0.2234793398:0.145432535
-1598.01247:394.721406:-576.9727821;0.1045606142:0.8790896156:0.4650467996;0.2847323193:0.2229215942:-0.9323269111;0.9232678798:-0.2298985283:0.2269964063
-1586.88931:402.1155794:-608.7007096;0.07098909116:0.8954155296:0.4395356394;0.3616261619:0.2071963572:-0.9090083545;0.9050103805:-0.2234772632:0.3090970002
-1573.096415:409.0406359:-639.4556452;0.02208574673:0.9107108975:0.4124534894;0.4397831959:0.1968170204:-0.8762726751;0.8792089412:-0.2007432501:0.3961684982
-1556.640745:415.8351745:-668.8848064;-0.05415952403:0.9196561933:0.3889720197;0.5164119215:0.2007712343:-0.8324720048;0.8436824275:-0.1557835006:0.4857950964
-1537.589715:422.8765315:-696.628675;-0.1291655003:0.9261711443:0.3542926545;0.5910616643:0.2066897787:-0.7796957383;0.7953603645:-0.1086990159:0.5741214466
-1516.014187:429.9045848:-722.4363193;-0.1748139685:0.9385970486:0.2974485782;0.6637382675:0.1991375323:-0.7209686231;0.7359321976:-0.0713926178:0.6577948013
-1492.00695:436.290179:-746.1507518;-0.1691379873:0.9594498128:0.2254958933;0.7330964087:0.1684283334:-0.658939718;0.6701994866:-0.05385849187:0.7318568415
-1465.724146:441.4608626:-767.6643531;-0.1477743659:0.9756492474:0.1620841841;0.7944014865:0.1360921282:-0.591950345;0.5995942902:-0.04128482995:0.7951681404
-1437.488942:445.9028592:-786.8029036;-0.1554076017:0.9815735786:0.1111835741;0.8449555547:0.1259552155:-0.5197936074;0.5242198224:-0.01316530063:0.8489604455
-1407.678005:450.4100805:-803.4126672;-0.1955331355:0.9789323546:0.05880678621;0.8847928557:0.1399062405:-0.4444860475;0.4433492094:0.03487992628:0.8935086594
-1376.644835:455.5620783:-817.410644;-0.2217285459:0.9749596839:0.01703134337;0.9163648766:0.1558854801:-0.3687480577;0.3621694289:0.06615504578:0.9279830713
-1344.601288:460.9132474:-828.8454852;-0.2088379203:0.9778109745:-0.01650518579;0.9433335513:0.150879122:-0.2955626864;0.2865141505:0.07729459229:0.9539111811
-1311.70025:465.6529247:-837.8020244;-0.156832216:0.9872310574:-0.02790152899;0.9669424659:0.1199144687:-0.2250395251;0.2188202113:0.06227262066:0.9734020849
-1278.086577:469.0005268:-844.3553726;-0.08943783279:0.9958424327:-0.01728361644;0.9850073814:0.07416191112:-0.1557577268;0.1538283675:0.03095512329:0.9875450275
-1243.967187:470.7367793:-848.5259424;-0.02915143327:0.9995589952:0.00565764864;0.9958855139:0.02718269462:-0.08644734979;0.08656301624:-0.003114306174:0.9962387382
-1209.575507:470.9591636:-850.2961522;0.01359591496:0.9994333046:0.03079319421;0.9997865481:-0.01289508954:-0.01614233539;0.01573610661:-0.03100609116:0.9993952941
-1175.153023:469.9209639:-849.6192588;0.04096006208:0.9976480091:0.05496110647;0.9973536166:-0.04662813949:0.05578153893;-0.0582130754:-0.05253084302:0.9969177415
-1140.930527:467.7956393:-846.4297044;0.05579180573:0.9949363351:0.0836000212;0.9886164552:-0.07627729503:0.1296891619;-0.135409243:-0.07541276409:0.9878660808
-1107.136651:464.6873642:-840.6738008;0.05952750255:0.9913969026:0.1165703991;0.9732516553:-0.1040163823:0.2048458143;-0.215208737:-0.1012583741:0.971070512
-1073.990673:460.6885086:-832.3325922;0.05274586311:0.9883764008:0.1425831835;0.9517283062:-0.1270084854:0.2794317014;-0.2942929735:-0.1209615855:0.9473649701
-1041.66968:456.0381462:-821.463212;0.03787071172:0.9870409132:0.1559360278;0.9254869658:-0.1413527048:0.3514161194;-0.3689040667:-0.1310083827:0.9188466274
-1010.288579:451.1105898:-808.1959152;0.01966051796:0.9881784351:0.1520422453;0.8970425795:-0.142559234:0.4183198242;-0.4350496553:-0.1281639835:0.8892409209
-979.8999767:446.35053:-792.7267591;0.003727403258:0.990862441:0.1348248104;0.8678478374:-0.1324151444:0.4788594372;-0.4923366776:-0.1152225179:0.8604113913
-950.5130575:442.0871755:-775.2981071;-0.006963880004:0.9938903113:0.1101524105;0.8389386812:-0.1142695152:0.5320943215;-0.5414304534:-0.09611655904:0.8330172678
-922.1095671:438.509953:-756.1680881;-0.01221654378:0.996336613:0.08464106391;0.8109137686:-0.09313947836:0.5777057188;-0.5834727837:-0.07569417132:0.8068052351
-894.6475298:435.6379439:-735.5984189;-0.01388736359:0.9978366827:0.06425804016;0.7843961248:-0.07502881465:0.6157056085;-0.6191948465:-0.05895428534:0.7816572747
-868.0578229:433.2459074:-713.8454549;-0.01476903504:0.9984822:0.05305819338;0.7602020887:-0.06551425492:0.6463750202;-0.6488700202:-0.04988128475:0.7580806716
-842.2450529:430.9968891:-691.1511088;-0.01706167676:0.9985211505:0.05161793548;0.7391324586:-0.06696560352:0.6702229603;-0.6726884276:-0.04958761906:0.7368968474
-817.0896954:428.5539767:-667.736591;-0.02072436656:0.9982353889:0.05564718253;0.7217614243:-0.07521032719:0.6880434966;-0.6910146102:-0.05442325535:0.7189291097
-792.4559259:425.7805305:-643.7929906;-0.02518966668:0.997735728:0.06236102766;0.7083107593:-0.08695286653:0.7005248513;-0.7043611426:-0.06181697436:0.7045166374
-768.2390013:422.4255563:-619.5151432;-0.03286747566:0.9964729077:0.07721057741;0.6978072612:-0.1098689887:0.7078091774;-0.7137957171:-0.07714200246:0.6917349142
-744.3772958:418.0474609:-595.1075534;-0.04500429106:0.9936973263:0.1026656591;0.6889776054:-0.1473334255:0.7096497171;-0.7203031097:-0.1026716224:0.678004568
-720.8393796:412.1297658:-570.7653328;-0.06084377031:0.9886445526:0.1374044548;0.6806232012:-0.196463161:0.7058004565;-0.7247806901:-0.1364642207:0.6609408608
-697.5438278:404.7656585:-546.6006751;-0.07109235737:0.9843638751:0.1611633898;0.675991668:-0.228520348:0.7005809842;-0.7264557263:-0.1587510624:0.6491757275
-674.3422145:396.7410057:-522.62705;-0.07227638599:0.9834422082:0.1661852797;0.677508285:-0.2338944939:0.6973348475;-0.7246583441:-0.1629927464:0.6493851951
-651.0494186:389.0618448:-498.7863529;-0.06524912144:0.9860043602:0.1534208392;0.6847193752:-0.2147266757:0.696456626;-0.7196528167:-0.1504934042:0.6611255625
-627.5325013:381.775709:-475.0382855;-0.06447150759:0.9855992835:0.1563249085;0.6896886815:-0.215935878:0.6911593298;-0.7149622966:-0.152375604:0.6658349588
-603.7316992:374.219785:-451.3831353;-0.06422967726:0.9848024645:0.1613649731;0.6948536795:-0.219583051:0.6848077451;-0.7098333682:-0.1561100257:0.6701898675
-579.6367546:366.8765201:-427.843953;-0.05903002816:0.9863094241:0.1539778416;0.7028562935:-0.2070160251:0.680541987;-0.7031008559:-0.1483967077:0.6810136243
-555.2426378:359.6157195:-404.4418995;-0.06062312036:0.9844331088:0.1649736088;0.7074440103:-0.2179601253:0.6723216165;-0.6978133275:-0.1574678257:0.6832178834
-530.5766491:351.6826575:-381.2268656;-0.06370010948:0.9813225349:0.1815168825;0.7110284121:-0.2352907876:0.6626287366;-0.6929617617:-0.1712731838:0.6827601548
-505.8264114:343.4020697:-358.3966395;-0.06467284484:0.9789217877:0.1937254673;0.7157647971:-0.2465898066:0.6533561223;-0.6873552688:-0.1809162689:0.6847300904
-481.3351836:333.9569534:-336.2812818;-0.08050556012:0.9635212537:0.2552364558;0.7079696017:-0.3149080704:0.6321486773;-0.689464706:-0.2315911353:0.6567919076
-457.4698898:321.5576891:-315.2284307;-0.1019788181:0.9333035935:0.3443032428;0.6884830326:-0.4081026701:0.5995359243;-0.7000601053:-0.2981869057:0.6009458604
-434.2153777:306.2522385:-295.2643703;-0.1152970559:0.9011713553:0.4178477919;0.6708815878:-0.4778086338:0.5671126913;-0.7107169953:-0.3457128138:0.5494893409
-411.1229801:289.510735:-276.0885454;-0.1082622655:0.8946178561:0.4335183656;0.677864012:-0.4851919743:0.5523487388;-0.7044806762:-0.3536650244:0.5539012669
-387.4792699:273.3698754:-257.2280086;-0.08963174046:0.906301733:0.413017336;0.7021383124:-0.4551047442:0.5476143369;-0.6842699716:-0.3390789215:0.5955573391
-362.8743197:258.3132468:-238.5143188;-0.0702411625:0.9174801041:0.3915308899;0.7279792165:-0.4232500076:0.5393567385;-0.6605645287:-0.3229113948:0.6381768748
-337.3334797:243.7263069:-220.1367728;-0.05576073033:0.9132298316:0.4036112184;0.7426857962:-0.4243116359:0.5180515841;-0.6443570973:-0.3286432538:0.6545828979
-311.2123728:228.7272781:-202.535618;-0.03864803071:0.905504711:0.4225725359;0.756675353:-0.4310938837:0.4915287109;-0.627249999:-0.3387468395:0.6685121671
-284.7542817:214.1055201:-186.0318056;-0.0155702726:0.9065908126:0.4217234463;0.7798243303:-0.4181747462:0.4658367691;-0.5986774302:-0.3361234096:0.7004704785
-257.9288275:199.7631655:-170.7439951;0.009360213138:0.8948642062:0.4462403376;0.7937797156:-0.4296548198:0.4304770597;-0.5769478241:-0.3501871712:0.7143467158
-230.4412646:184.8386373:-156.6142431;0.03876055078:0.8871649854:0.4598216049;0.8113472144:-0.4315968899:0.3942585729;-0.5482299757:-0.3577932988:0.7365277728
-201.9122314:170.646675:-143.5579181;0.06586160884:0.9053037584:0.4196276368;0.8474311846:-0.3860156216:0.3644891318;-0.491956204:-0.3315997048:0.7926062463
-172.0844977:158.6137807:-131.533646;0.08018901182:0.9362339298:0.3421048832;0.889673736:-0.309764089:0.3354502238;-0.4200316888:-0.2774623076:0.8577824143
-140.9119287:149.5571618:-120.5419293;0.07536405046:0.9669031083:0.2437593878;0.9267553231:-0.2183339324:0.3057038845;-0.3488069818:-0.2028662272:0.912537132
-108.6322008:143.6238527:-110.5553336;0.0545605072:0.9878269709:0.1456743855;0.9521654104:-0.1297280837:0.2766796986;-0.2922097275:-0.1236103264:0.9476527032
-75.5966936:140.3441765:-101.4667845;0.03126574312:0.9967892711:0.07371297237;0.9654181033:-0.06553127669:0.25233616;-0.2563564822:-0.06327436041:0.9643672915
-42.1611468:138.7983156:-93.1175603;0.01481687748:0.999378747:0.03197780677;0.9722989937:-0.02844164353:0.2320037495;-0.2327691179:-0.02765441821:0.9721163664
-8.5174776:138.0990892:-85.43989592;0.008123440506:0.9998356821:0.01620550994;0.9771311698:-0.01444174636:0.2121464425;-0.2123456189:-0.01411154988:0.9770879263
25.27666201:137.7567013:-78.595034;0.003627152956:0.9999723303:0.006494798287;0.9830947325:-0.005819592785:0.1830051344;-0.1830378678:-0.00572121437:0.9830886391
59.25215379:137.7013473:-72.97328519;-0.002216533467:0.9999916479:-0.00343382009;0.9900063668:0.003118160146:0.1409881937;-0.1409977233:0.003086998702:0.9900050097
93.42075925:137.9945728:-69.04930455;-0.01044099589:0.999781214:-0.0181248397;0.9962240767:0.01308293081:0.08582788565;-0.08604623373:0.01716027309:0.9961427156
127.7437619:138.4610032:-67.08852932;-0.01081583472:0.9996406873:-0.02452578212;0.9995354005:0.01183636893:0.02808707022;-0.02836727439:0.02421060234:0.999304275
162.1404677:138.6997441:-67.02976596;-0.001589312827:0.9997633805:-0.02169463366;0.9997578804:0.001088477362:-0.02197716612;0.02194835178:0.02172430956:0.9995230481
196.5424761:138.4818343:-68.41524071;0.01316933454:0.9997795942:-0.0163502775;0.998366747:-0.01331915737:-0.05555572374;0.05576125086:0.01559194145:0.9983221057
230.918872:137.8942695:-70.63955807;0.01899272555:0.9996277362:-0.01958737963;0.997339232:-0.01899121968:-0.07038316501;0.07072895214:0.01819849402:0.9973286537
265.2747376:137.21165:-73.09350333;0.02105872008:0.9994484846:-0.02567600065;0.9972994914:-0.02131976273:-0.07027938673;0.0707880328:0.02412666846:0.9971984322
299.6233161:136.3805071:-75.36247262;0.02744204999:0.9992318554:-0.02797557837;0.9977976192:-0.02743531416:-0.06039217426;0.06111330312:0.02625668042:0.9977840476
333.9762351:135.3018965:-77.21659618;0.03588492853:0.99895956:-0.02814372838;0.9982672936:-0.03551391605:-0.04691665243;0.04786733247:0.02641136284:0.9985030707
368.3425624:134.0272683:-78.58092937;0.03616779965:0.999160693:-0.01923018248;0.9988378228:-0.03562345838:-0.03246495085;0.03312274839:0.01803364776:0.9992879132
402.7338384:133.0395238:-79.45824842;0.02014560608:0.9994709129:-0.02553524782;0.9996214598:-0.02024719648:-0.01862761794;0.01913477949:0.02515031705:0.999500465
437.1527504:132.653959:-79.87165979;0.001850674475:0.9993814867:-0.03511721879;0.9999827132:-0.002034410035:-0.005516739628;0.005584770273:0.03510640204:0.9993679756
471.5907784:132.8302977:-79.84652327;-0.009798609102:0.9991874664:-0.03909468316;0.9999250573:0.01014362921:0.006854670445;-0.007245662765:0.03902458707:0.9992119781
506.0328445:133.2139618:-79.40764878;-0.0101220251:0.9994449392:-0.03173890415;0.9997691297:0.01091518855:0.01850799498;-0.01884415804:0.03154423819:0.9993246809
540.4677704:133.5533904:-78.57953974;-0.007616645537:0.9997484047:-0.0210977257;0.999530071:0.008486616997:0.02945529525;-0.02962693275:0.02086346073:0.9993432335
574.8903963:133.8062906:-77.38359032;-0.006018554329:0.9999203061:-0.0110976742;0.9991788401:0.006726305344:0.03995500349;-0.04002646567:0.01084808988:0.9991396943
609.2978371:134.0519127:-75.82887767;-0.007113114131:0.9999404347:-0.008278329039;0.9987006674:0.007919778586:0.0503413751;-0.05040393903:0.007909488789:0.9986975137
643.6862781:134.3695782:-73.91114257;-0.009431438244:0.9998911959:-0.01134215092;0.9980743994:0.01076489965:0.06108690625;-0.06120235686:0.01074417309:0.9980673333
678.0502158:134.8113518:-71.61602836;-0.0129398937:0.9997865792:-0.01610450963;0.9972714896:0.01516708257:0.07224635446;-0.07247519401:0.01512570816:0.9972549115
712.3831395:135.4345278:-68.93046006;-0.01774820006:0.9995804917:-0.02288759708;0.9962625783:0.02139674584:0.08368425342;-0.08413886727:0.0213168116:0.9962243916
746.6781684:136.317363:-65.85627782;-0.02446871475:0.9991665637:-0.03267200661;0.9950400299:0.0303422862:0.09473481189;-0.09564719983:0.03019191534:0.9949531641
780.9279932:137.5641981:-62.41666273;-0.03354941501:0.9983660715:-0.04625607084;0.9935854394:0.0427201966:0.1047041517;-0.106509141:0.04244659543:0.9933952294
815.1239482:139.3069953:-58.66274152;-0.04544323741:0.9968896722:-0.06438861405;0.9918381581:0.05921361383:0.1129195114;-0.1163809773:0.0587316562:0.9914440746
849.2529633:141.6994599:-54.66406582;-0.0606788376:0.9942877146:-0.08780671511;0.9896420938:0.08051568087:0.1188518041;-0.1252427062:0.07968543207:0.9888745736
883.2944391:144.9124771:-50.49860162;-0.0864832283:0.9941994558:-0.06393819951;0.9866680411:0.1069141558:0.1227010189;-0.1288251849:0.05247419782:0.9901911108
917.2131758:149.1253116:-46.23003568;-0.1164390084:0.9921339778:-0.04595788819;0.9824328689:0.1385501814:0.12501802;-0.1304020992:0.03059356567:0.9908376759
950.9533667:154.5159738:-41.88318082;-0.1501015145:0.9880867565:-0.03397200228;0.9762355276:0.1752885271:0.1274289093;-0.1318657199:0.0140374033:0.9909164695
984.4341603:161.2569057:-37.43384655;-0.1869143616:0.981971634:-0.02819098131;0.9673087134:0.2169169912:0.1313806373;-0.135127162:0.002712453911:0.9904146188
1017.542079:169.5098353:-32.80273068;-0.226038477:0.9736919447:-0.02882019792;0.9548645297:0.2630346641:0.1380090407;-0.1419590023:-0.003675968636:0.9891998557
1050.145396:179.4071024:-27.90157098;-0.2662107548:0.9632744301:-0.03513127197;0.9384748924:0.3124422465:0.1471214427;-0.1526948174:-0.006195493615:0.9871843535
1082.116526:191.0108727:-22.67335257;-0.3051117347:0.9513633446:-0.0425983084;0.9192924896:0.3611862005:0.1563516779;-0.1641331764:-0.00854442669:0.9847833257
1113.389788:204.2034788:-17.17368376;-0.3355278856:0.9389859742:-0.07567283656;0.8998849326:0.4047087132:0.1625360439;-0.1832445218:0.01356147029:0.9807703889
1144.011017:218.683512:-11.60820006;-0.3557058387:0.9262994486:-0.1242686118;0.8851314677:0.4369172053:0.1601425634;-0.2026350627:0.05303041391:0.9753107914
1174.120829:234.0577929:-6.340415813;-0.3775513177:0.9121867011:-0.1592809621;0.8754504569:0.4610134142:0.1450969658;-0.2057861827:0.0846610404:0.9726304862
1203.847205:250.1337152:-1.876719712;-0.4089634478:0.8935485316:-0.185256363;0.8682737237:0.4827643579:0.1141898223;-0.1914693172:0.1141537687:0.9732776871
1233.131061:267.0285117:1.263978765;-0.4600587185:0.8617098282:-0.2140143629;0.8549876451:0.5141386559:0.0682463867;-0.168841639:0.1515822909:0.9732852279
1261.741697:285.085581:2.639257943;-0.5288294107:0.8143896306:-0.2389748603;0.8332252682:0.552801779:0.01207664961;-0.1419408261:0.1927334046:0.9709078575
1289.508328:304.4807244:2.029697105;-0.6032427116:0.7587780543:-0.2456707048;0.8070593087:0.5884886135:-0.04833657054;-0.1078976835:0.227429513:0.9673803589
1316.617316:324.4442579:-0.626651339;-0.6455479883:0.7371915789:-0.1995403989;0.8026102443:0.5864261607:-0.1091840362;-0.036526158:0.2306367032:0.9702437416
1343.577756:343.7171269:-5.252495222;-0.6629094602:0.7298844875:-0.1667923334;0.8070920406:0.5667803125:-0.1654161884;0.0262000991:0.2442727209:0.9648079914
1370.809855:362.6514952:-11.64420253;-0.680457797:0.718179656:-0.1455856047;0.8045857807:0.5539787115:-0.2138908803;0.07296075313:0.2626798246:0.9547962728
1398.270946:381.2320158:-20.08562196;-0.6931153625:0.7151189973:-0.09053128695;0.7996686155:0.5291180294:-0.283838363;0.1550764694:0.2691277588:0.9385980533
1425.456384:398.9933798:-31.17153737;-0.7096922666:0.7039148751:-0.02899543573;0.7806634604:0.5111665705:-0.359545962;0.2382682535:0.2778026659:0.9122915843
1451.765033:416.7222844:-44.69414179;-0.7446911874:0.6670290553:0.02252276189;0.7435975773:0.515455013:-0.4258741277;0.2956798876:0.3003968386:0.8798559952
1476.662263:433.9571822:-60.81825713;-0.7233520682:0.6794326026:0.1230167629;0.7069590748:0.4797979924:-0.5196178915;0.4120685322:0.2888988595:0.8273939142
1499.677935:449.2136415:-80.17932533;-0.6588166486:0.7153119036:0.2330010816;0.6510948525:0.4284726772:-0.6264875561;0.5479686035:0.2610346273:0.7480208316
1520.274429:463.1496189:-102.9658913;-0.5927787885:0.7325760716:0.3345827359;0.5678185333:0.3975282067:-0.7208005537;0.661047313:0.2372930006:0.6516165593
1538.302507:475.9441129:-128.9412014;-0.4881982903:0.7812488408:0.3889893033;0.490713726:0.3482713945:-0.7986908507;0.7594501484:0.1990371174:0.5533950289
1554.125675:487.0788863:-157.4962882;-0.4031424984:0.8266181653:0.392655746;0.4304797805:0.3025943122:-0.850366886;0.8217441105:0.1737886716:0.4778310334
1568.52673:497.3105087:-187.7710899;-0.3703341633:0.8460222501:0.3835348221;0.3955198453:0.2800877913:-0.8747084549;0.8474462365:0.1722387903:0.4383446673
1582.231455:506.2814877:-219.0489373;-0.3086636461:0.8999337269:0.307970844;0.384306638:0.2197313542:-0.8966752701;0.8746191682:0.1584158186:0.4136735859
1595.397781:512.7093351:-250.9316113;-0.2406115372:0.9462435592:0.2161694124;0.3570335142:0.1526487255:-0.9215342839;0.904993866:0.1445520556:0.3745697077
1606.554155:517.3653491:-283.4792263;-0.2028704139:0.9624739859:0.1802426745;0.2773367657:0.1190604301:-0.9533671551;0.9390508561:0.143422069:0.2910832611
1614.106642:521.0350705:-316.7663611;-0.1748144339:0.9711419559:0.162244307;0.1552363795:0.09551013418:-0.9832494499;0.9703707695:0.1466999771:0.1674531113
1616.896911:524.0427012:-350.6632266;-0.1208639407:0.97894426:0.1644993731;0.005894155391:0.08334141002:-0.9965036218;0.9892311103:0.1194717698:0.01584302082
1614.396333:526.9024511:-384.6132405;-0.0551091223:0.982850791:0.175975303;-0.1513838397:0.08384021503:-0.984913068;0.9827763951:0.08091751178:-0.1441673659
1606.692806:529.6145684:-417.9340747;-0.01335549102:0.9886912614:0.1493694093;-0.2943888465:0.07128793051:-0.9530232096;0.9528939553:0.05670078103:-0.2901075947
1594.36392:531.6065396:-449.9750528;-0.006381484371:0.9958981358:0.09025618921;-0.418589446:0.04162172608:-0.9072213113;0.9072566311:0.04356970686:-0.4166068405
1578.09279:532.3014031:-480.2960491;-0.04011165122:0.9989910337:0.02019826955;-0.5233839603:-0.002043644223:-0.8520945098;0.8511934971:0.04475036809:-0.5229378574
1558.484577:531.5391653:-508.5882684;-0.08528137709:0.9960107475:-0.02626171205;-0.6125521255:-0.04087052856:-0.7893728482;0.7872971707:0.05123213599:-0.6135939954
1536.021143:529.6164335:-534.6329892;-0.1213651549:0.9915415234:-0.04599898461;-0.689277238:-0.06821049032:-0.72127957;0.718316257:0.0558321537:-0.6917253793
1511.087327:527.0008353:-558.259492;-0.1487725763:0.9882998317:-0.03361789979;-0.756117125:-0.08202172097:-0.6492760049;0.6444367643:0.07117539422:-0.7594730102
1484.025469:524.0164015:-579.3445359;-0.1742724821:0.9846970924:0.0008591338267;-0.8135017143:-0.0906113991:-0.574460212;0.5655914532:0.1008115139:-0.8168438462
1455.15847:520.7799611:-597.8208206;-0.1901315103:0.9809646262:0.03947671347;-0.8613183426:-0.09737612306:-0.4986467721;0.4853107551:0.1288104813:-0.8634370953
1424.808068:517.3081049:-613.701359;-0.1996559474:0.9766189713:0.07970500338;-0.8996890914:-0.1041298574:-0.4239298429;0.4057182564:0.1563498365:-0.8994435802
1393.279046:513.6232512:-627.0623912;-0.2014489537:0.9721756069:0.1195529524;-0.9294216738:-0.10954767:-0.3523842508;0.3294826255:0.1821025438:-0.9256293433
1360.843108:509.7864902:-638.0192064;-0.1949584193:0.9681304936:0.1572086581;-0.9521915316:-0.1126019674:-0.2839931057;0.2572403814:0.2050595999:-0.943798359
1327.706379:505.892405:-646.6664279;-0.1814290543:0.9645436537:0.1916743026;-0.9693738797:-0.1134348118:-0.2178229207;0.1883571773:0.2253234689:-0.9555837944
1294.041831:501.9153161:-653.0322527;-0.1683380797:0.9592000082:0.2271511287;-0.9814663361:-0.1179001734:-0.1510740886;0.1181291096:0.248372708:-0.9612696064
1260.038889:497.5809654:-657.0645328;-0.163393708:0.9625478364:0.2163426884;-0.9871171261:-0.1374758108:-0.08185463254;0.04904711295:0.2269301047:-0.9726101365
1226.02771:492.1607767:-658.6337574;-0.1769683096:0.9576681464:0.2270549244;-0.9839513375:-0.1782352618:-0.008482742223;-0.03234554186:0.2249121731:-0.9738408466
1192.536406:485.4218593:-657.6120506;-0.1783935628:0.9551277861:0.2364458692;-0.9741915895:-0.214769058:0.06946221084;-0.1171265442:0.2179519659:-0.9687908735
1160.245214:477.5781811:-653.9090243;-0.175090995:0.9513039681:0.2537004212;-0.9539400403:-0.2579533283:0.1531616138;-0.211146119:0.2151977706:-0.9526522506
1129.776164:468.2454156:-647.4956458;-0.1647120402:0.9445913584:0.2839315224;-0.9176656323:-0.3140998961:0.2433742851;-0.3190721083:0.220467525:-0.9185550609
1101.362279:457.9224245:-638.19042;-0.1257099321:0.9571578339:0.2608560789;-0.8776764757:-0.3298433211:0.3476886358;-0.418834537:0.1852393292:-0.8815394959
1074.813638:447.4455364:-625.57206;-0.08848766058:0.9685937617:0.2323705202;-0.8156583451:-0.3515096164:0.4595023978;-0.5267516284:0.1488746617:-0.8211458484
1049.761433:434.9896401:-608.9449299;-0.03453457429:0.9671196051:0.2519663322;-0.7229172996:-0.406182313:0.558933365;-0.6428996829:0.1628482947:-0.7131748266
1026.301215:421.3847606:-587.8767101;0.01193502743:0.9829613737:0.1834243521;-0.6451357745:-0.367690055:0.6697789605;-0.7258101572:0.1263274417:-0.6297551562
