635.4060866:275.9932284:227.5958852;0:1:0;-0.9952016562:0:0.09784509903;-0.09784509903:0:-0.9952016562
601.012152:275.9696876:228.7101125;-0.001528110835:0.9999977861:0.00144659425;-0.9998321194:-0.001474507734:-0.01826359544;0.01826142199:0.001474260193:-0.9998321591
566.6021477:275.8847665:227.3453385;-0.003876263048:0.9999869458:0.00332907306;-0.9987172542:-0.003525120653:-0.05051157976;0.05049918499:0.003520598875:-0.9987178811
532.1806925:275.7242435:225.6644429;-0.006299124046:0.9999646871:0.005562867562;-0.9991290175:-0.005823370463:-0.04131942393;0.04128557019:0.005818298578:-0.9991304175
497.748918:275.4831606:224.6420442;-0.008467284419:0.9999322758:0.007984285514;-0.9997751467:-0.008150080959:-0.01957631995;0.01950992159:0.00814824849:-0.9997764468
463.3099725:275.1644759:224.2076982;-0.01047293074:0.9998926853:0.01024380562;-0.9999194241:-0.01032121091:-0.007390394272;0.007283872696:0.0103203793:-0.9999202114
428.8682545:274.7750707:224.0005418;-0.01240592017:0.9998490522:0.01216412734;-0.9999033338:-0.01224582875:-0.006585045565;0.006435091746:0.01224464503:-0.9999043213
394.4284438:274.3247667:223.6694665;-0.01419247774:0.9998061791:0.01364469533;-0.9998178996:-0.01383132755:-0.01314770104;0.01295642849:0.01382880908:-0.9998204148
359.9935741:273.8272006:223.0606871;-0.01564402742:0.9997707465:0.0146191264;-0.9996323994:-0.01497285207:-0.02260265152;0.02237857977:0.0149673489:-0.9996374658
325.5670762:273.3003698:222.0912346;-0.01655555468:0.999751179:0.0149497089;-0.9993020495:-0.01551268908:-0.03398191192;0.03374154632:0.01550186415:-0.9993102233
291.1552979:272.7653648:220.690543;-0.0169182355:0.999749586:0.01464713398;-0.9987324498:-0.01545856233:-0.04790121694;0.04766279817:0.01543897207:-0.9987438848
256.7729151:272.2420627:218.7538269;-0.01671237062:0.9997660544:0.01373073955;-0.9977704917:-0.01482067369:-0.06507221827;0.0648534961:0.01478763778:-0.9977847562
222.4349504:271.7529341:216.1761547;-0.0156931832:0.9998033876:0.01212065182;-0.9962827444:-0.01346088318:-0.08508523888;0.08490535538:0.0134108545:-0.9962981069
188.1421308:271.3308597:212.8775256;-0.01289801975:0.9998734025:0.009317726047;-0.9942725364:-0.01069716477:-0.1063376412;0.1062245059:0.01063590411:-0.9942846363
153.8502862:271.0360549:208.8314336;-0.007915137835:0.999954578:0.005309658919;-0.991582118:-0.006341963435:-0.129323945;0.1292843972:0.006288579686:-0.9915872759
119.6264051:270.8772181:203.759164;-0.004070724034:0.999988813:0.002408938197;-0.9860217109:-0.003096685507:-0.1665881036;0.1665787803:0.003053399559:-0.986023286
85.78044138:270.7539765:196.9414207;-0.00824986189:0.9999589176:0.003755368548;-0.9716008153:-0.005763957765:-0.2365557704;0.2365244064:0.005600271578:-0.9716084515
53.09639774:270.3703469:186.9811359;-0.02804624873:0.9995817269:0.007055433244;-0.9359750456:-0.01759144821:-0.3516265846;0.3513553933:0.0164655161:-0.9360769266
22.28527139:269.5503732:172.8290245;-0.05278793235:0.9986046611:0.001471402839;-0.8746443854:-0.03066570959:-0.483794185;0.4830740065:0.02682544894:-0.8750427394
-6.312415601:268.4167885:154.2858509;-0.0562124364:0.9983723608:-0.009632818597;-0.8034699903:-0.03194982877:-0.594487328;0.593827484:0.02567790045:-0.8039582087
-33.05649952:267.607049:132.4751335;-0.02113451053:0.9997545108:-0.006652108249;-0.7471640521:-0.01214424518:-0.6645287026;0.6644463529:0.009074272711:-0.747237294
-58.00546608:267.7290117:108.3856022;0.03602856142:0.999216082:0.01640622361;-0.6903526681:0.02132910796:-0.7231585323;0.7229415654:-0.01472828135:-0.6905799453
-80.53944283:269.09562:82.34706169;0.08871485877:0.9943186535:0.05882252201;-0.6088704539:0.05631775726:-0.7912680207;0.7900853054:-0.03438193503:-0.6104074718
-99.24541149:271.4668534:53.91551598;0.1071631686:0.9877658772:0.1132900132;-0.4801043859:0.08080937229:-0.8734813244;0.8719499415:-0.03921399424:-0.4828905183
-113.0379267:274.4881622:22.97262806;0.09065320097:0.9825369091:0.1624906748;-0.3268124348:0.09486900922:-0.9403156404;0.9393101522:-0.03213864966:-0.329705459
-121.5734091:277.8649986:-9.977051069;0.05586648318:0.9794738649:0.1936746863;-0.176041066:0.1018402954:-0.9791006574;0.9787273923:-0.02060421218:-0.1781170825
-125.3949029:281.4482588:-44.00501372;0.02264595875:0.9780378608:0.2071933961;-0.04998238504:0.1049687067:-0.9932186727;0.9931542888:-0.01213636899:-0.05126178194
-125.3011013:284.975027:-78.34107336;-0.02066256533:0.9811022075:0.1923837747;0.05132372228:0.09735338525:-0.9939256481;0.9938718592:0.01066320221:0.05236538791
-122.0839112:288.0561133:-112.5410084;-0.03331740778:0.9872993637:0.1553380727;0.1325213004:0.07992999488:-0.9879520742;0.9878206255:0.01233039874:0.1335012558
-116.3461801:290.4122842:-146.431337;-0.03403266272:0.9935095244:0.1085384857;0.1981473786:0.05727571552:-0.9784973729;0.978363079:0.01179425464:0.198810553
-108.5735418:292.1421284:-179.9381274;-0.03366203191:0.9959418291:0.08346700302;0.2511744339:0.04542309621:-0.9668754553;0.9667430392:0.01158221519:0.2516841589
-99.17147869:293.6511062:-213.0351413;-0.03692468824:0.9963632491:0.07679090598;0.2930564973:0.04312904695:-0.9551218638;0.9549602421:0.01276350312:0.2935832505
-88.50223949:295.1701773:-245.7492695;-0.04253404497:0.9960332298:0.07815791851;0.3248079776:0.04516396929:-0.9447010075;0.9444835175:0.01479563969:0.3254405453
-76.90255311:296.7180093:-278.1472558;-0.04396948393:0.9962584941:0.07440226745;0.3471198407:0.04395233169:-0.9367902693;0.9365554161:0.01536368146:0.3477536512
-64.69256927:298.2457746:-310.3216459;-0.0485070871:0.9957552336:0.07822133476;0.3602681413:0.04687706404:-0.9316702245;0.9313822886:0.01701195385:0.361012757
-52.18930034:300.0909998:-342.3613244;-0.06492169724:0.992572234:0.1028860219;0.3640842467:0.06204825561:-0.9292968715;0.92877817:0.02287235036:0.3654081921
-39.73825787:302.6211111:-374.3753685;-0.08903510656:0.9856331056:0.143527457;0.3570158795:0.08627618542:-0.9301054143;0.9291256895:0.03157045337:0.3595682794
-27.74589422:306.0314751:-406.5073975;-0.1082125784:0.9765629761:0.1860505082;0.3361185248:0.1100447637:-0.9353686371;0.9339202642:0.0386836296:0.3401491346
-16.75151225:310.106158:-438.9522265;-0.1251047216:0.9688993157:0.2135015799;0.2978970846:0.1249542872:-0.9463845693;0.9436292994:0.0547956798:0.3042646528
-7.453369017:314.5940389:-471.8864428;-0.1409107733:0.9620607806:0.2336304953;0.236765413:0.134164719:-0.962258784;0.9570964067:0.08027700864:0.2466879724
-0.7110993154:319.3565625:-505.4025325;-0.143859766:0.955088468:0.2590567236;0.1488171595:0.1421742128:-0.9785907961;0.97147197:0.1022277572:0.1625867018
2.474576482:324.4366795:-539.3672701;-0.1363482652:0.9458991081:0.294421514;0.03082266799:0.152574809:-0.9878111615;0.9792910029:0.1256114816:0.04995844467
1.073133311:329.8942885:-573.307526;-0.06082689004:0.9420008451:0.3300522645;-0.1174058377:0.1645182164:-0.9793618462;0.9768592966:0.09832159791:-0.1005892668
-5.853795743:335.7376639:-606.3661954;-2.992213599e-005:0.9366135057:0.3503642962;-0.2891818676:0.1755898215:-0.9410324447;0.9429041013:0.1013471592:-0.2708463888
-18.87020913:341.8767511:-637.2879615;0.07370351391:0.9371067489:0.3411725857;-0.4726908734:0.1828341242:-0.8620527949;0.8702134829:0.09773284737:-0.456437325
-37.94465926:348.1378412:-664.7763367;0.130160568:0.9440430971:0.3030525654;-0.6430314024:0.183125228:-0.7436234036;0.7575091111:0.09808187155:-0.6308850403
-62.40873143:354.2756475:-687.7423678;0.1600523246:0.9563756715:0.2443948208;-0.7815632281:0.1745412955:-0.5989108921;0.6154407952:0.09515292459:-0.7754037971
-91.05609725:359.9938951:-705.7218478;0.1500679168:0.9681233405:0.2005413121;-0.8799179026:0.156705009:-0.4485398809;0.465667756:0.1091484452:-0.8753854535
-122.6051497:364.9346055:-718.7625322;0.1125771072:0.9757896651:0.1875124647;-0.9422859056:0.127687338:-0.3095047912;0.3259545441:0.1418471986:-0.9338475194
-155.9091302:368.6704271:-727.2554253;0.06254864957:0.9760499271:0.2083607596;-0.9793586007:0.08575325449:-0.1830385493;0.196522376:0.1926110879:-0.9612666411
-190.1486672:370.7024181:-731.5272439;0.01423436213:0.9652362636:0.2609910696;-0.9974904199:0.0300486844:-0.06410880354;0.06972258027:0.2594235437:-0.9632416498
-224.6478105:370.6841006:-731.6174128;-0.008226419722:0.9429961365:0.3327019876;-0.9976770061:-0.0319664919:0.06015592187;-0.06736211731:0.3314342551:-0.941068532
-258.7431364:368.506874:-727.2583722;0.01227514372:0.9141441476:0.4052034036;-0.9763194293:-0.09332517767:0.1951686021;-0.216227915:0.3980036784:-0.8913511125
-291.5674347:364.334427:-718.0325484;0.07063995174:0.8991881225:0.4318225534;-0.9276279358:-0.1482879158:0.3428076819;-0.3722826623:0.4247865819:-0.8236369707
-322.0826995:358.3977676:-703.6859101;0.1399839263:0.9044737351:0.402904161;-0.8465530229:-0.196958023:0.494525547;-0.5266405755:0.4103053632:-0.7381140172
-349.1969633:351.0506961:-684.2668997;0.2000339429:0.9219491274:0.3316567929;-0.7351841231:-0.228007656:0.6383704363;-0.6641653546:0.3715245639:-0.6321930903
-372.0985909:343.1405448:-660.2499897;0.2197087101:0.9482455083:0.2292564911;-0.6036980903:-0.229451401:0.7634793189;-0.7765690579:0.3061447622:-0.5220415312
-390.4912742:335.7929875:-632.40893;0.1871209606:0.9738708903:0.1286904622;-0.4727417486:-0.1939342526:0.8595956868;-0.8620927055:0.2216857247:-0.4241002639
-404.6691338:330.0344096:-601.7291426;0.1278842513:0.989963323:0.06015178631;-0.3585416135:-0.1429002732:0.922511476;-0.9218482329:0.1395416079:-0.3366683527
-415.520561:325.8489195:-569.2575033;0.0698260129:0.9972513706:0.02477966615;-0.2766298992:-0.1039512897:0.9553376514;-0.9552876605:0.07356221572:-0.268611042
-424.2663854:322.3841418:-535.9301236;0.02498400309:0.9996413074:0.00964655666;-0.2355626441:-0.1032574652:0.9663581823;-0.9670076358:0.0264158642:-0.2328983647
-432.3036518:318.2640286:-502.525463;-0.0006764766659:0.9999850713:0.005422136618;-0.2354616216:-0.1403482971:0.9616965115;-0.9624431423:0.0006261398307:-0.2355530488
-440.9706978:312.3328481:-469.6890284;-0.007378412402:0.9999104897:0.01116116873;-0.2727196217:-0.2070600182:0.939547847;-0.9417747796:-0.003888501774:-0.2742229847
-451.3940666:303.9093761:-438.0734468;0.003608333351:0.999420033:0.03386115025;-0.3384605976:-0.2844757714:0.8969492513;-0.9060617272:0.01469715705:-0.3372378182
-464.4215932:292.8850733:-408.3507305;0.01795619134:0.9967385527:0.07867548954;-0.4233512792:-0.3550903385:0.8334773818;-0.8586959455:0.04827344848:-0.4155944713
-480.5562025:279.7980562:-381.1058604;0.01230945282:0.9907067248:0.1354572358;-0.5185096821:-0.4038357736:0.7537004561;-0.8013985879:0.07951352846:-0.5087200316
-499.9835366:265.5344502:-356.7062511;-0.02596728423:0.9839993453:0.1762696475;-0.6133517822:-0.4221378217:0.6675322095;-0.7312613421:0.09078130385:-0.6144995249
-522.5621349:251.0187697:-335.2922835;-0.08410015583:0.9782436426:0.1896484632;-0.6977237637:-0.4219154478:0.578937738;-0.6463577779:0.08363348554:-0.718026991
-547.7753005:236.5619816:-316.8739815;-0.1247276442:0.969312958:0.2118381559;-0.7640979899:-0.4176108509:0.4916863219;-0.5650638356:0.1005382325:-0.7927377003
-575.0237349:222.2384731:-301.3457207;-0.1490182654:0.9555615579:0.2543534267;-0.8132347223:-0.4131139133:0.4098611729;-0.4967245204:0.1457722373:-0.838657357
-603.8149481:208.2741267:-288.463176;-0.1712997743:0.9483179064:0.2671133387;-0.8560496509:-0.3897885538:0.339475888;-0.4260487854:0.1705101373:-0.878577904
-634.0481448:195.7978691:-277.7786131;-0.1748391039:0.9564809584:0.2336139209;-0.9002499594:-0.3313665835:0.2823936931;-0.347516037:0.1609374625:-0.9190077805
-665.698613:185.5437736:-269.0348844;-0.1636633639:0.9683065384:0.1886710127;-0.9377909653:-0.2639436356:0.2255700838;-0.2682195:0.1400164124:-0.9512670266
-698.6485006:177.7551536:-262.3323156;-0.1342139221:0.9825426308:0.1288277989;-0.9700125566:-0.1832231319:0.1597026107;-0.1805188561:0.1035302688:-0.9776697845
-732.4963277:173.1396535:-258.2142524;-0.07596800127:0.9956029054:0.05480618136;-0.9930852348:-0.08700235004:0.07881819229;-0.08323988782:0.04843954895:-0.9953279398
-766.8143236:171.1934698:-256.7665567;-0.03481846829:0.9987568623:0.03567077521;-0.9993425014:-0.03539733304:0.007848162846;-0.009101056809:0.03537406071:-0.999332662
-801.2657918:170.3225036:-257.2506357;-0.0177309611:0.999729871:0.01502657854;-0.9995159272:-0.01689302858:-0.02612540752;0.02586450587:0.01548253316:-0.9995454586
-835.7027178:169.9126642:-257.9159293;-0.008273098829:0.9999514667:0.005349773093;-0.9999517759:-0.008199869509:-0.005404446936;0.005360317199:0.005394226629:-0.9999710833
-870.0668331:169.6947644:-257.2989513;-0.005041382124:0.9999863667:0.001360503122;-0.998941259:-0.005342390531:0.04569266735;-0.04569931274:0.001128708505:-0.9989545732
-904.3478465:169.4842956:-254.7617239;-0.006800440676:0.9999728383:0.002841948953;-0.9951650272:-0.007810733083:0.09790587917;-0.09792541758:0.002162405084:-0.9951911132
-938.5554217:169.0960309:-250.829049;-0.01233678805:0.9998741081:0.009978560375;-0.9917826839:-0.01546909351:0.1269953345;-0.1271337061:0.008329848866:-0.9918486654
-972.7105441:168.3782395:-246.2228961;-0.02036405862:0.9995707459:0.02106250532;-0.9901787957:-0.02673457949:0.1372268737;-0.1377310658:0.01806115005:-0.9902981819
-1006.829165:167.2391981:-241.4283248;-0.02913277901:0.9990154797:0.03345672522;-0.9890625704:-0.03918169168:0.1421971411;-0.1433680362:0.02894819675:-0.9892302898
-1040.876984:165.6905017:-236.3232403;-0.03492029363:0.9981107188:0.0505526073;-0.9863911265:-0.05033068593:0.1565227386;-0.1587713706:0.04439882326:-0.9862851186
-1074.741363:163.8086938:-230.403521;-0.03431361949:0.9969248189:0.07045197592;-0.9798525284:-0.05841389839:0.190989107;-0.1945171555:0.0624790192:-0.9788436968
-1108.262258:161.7053483:-223.0213288;-0.0281588238:0.9958429323:0.08662525505;-0.9688780254:-0.06345568793:0.239267105;-0.2437693206:0.07719182581:-0.9666371714
-1141.358613:159.4833451:-213.9009996;-0.01805270193:0.9951145121:0.0970629063;-0.955109356:-0.06419375838:0.2892149365;-0.2940328131:0.08748457889:-0.9516020516
-1174.101753:157.4519132:-203.3683399;-0.005774574007:0.995754722:0.09186505227;-0.9466932224:-0.05117824599:0.3180451695;-0.3213964716:0.08513144699:-0.9429697791
-1206.664468:156.2329447:-192.1827827;0.01108265675:0.9981196294:0.06028582043;-0.9440450227:-0.01406313614:0.329516651;-0.3297448453:0.06056444865:-0.9421140113
-1239.095149:156.8443654:-180.8024396;0.0360161659:0.9993414745:-0.004410576477;-0.9418357742:0.05301322549:0.3318658951;-0.3318811718:0.007798498423:-0.9431248844
-1271.350484:159.9732184:-169.3250752;0.06273911484:0.9947885522:-0.08037126264;-0.9327536155:0.1299148894:0.3362927509;-0.3449816025:-0.05386787629:-0.9360433639
-1303.411086:165.7700202:-157.8745605;0.08642649341:0.981249771:-0.1722769518;-0.9256715391:0.2036849439:0.3188175737;-0.3479298925:-0.1319175862:-0.9259187612
-1335.58618:173.9048131:-147.8124498;0.1305869613:0.9609123596:-0.2441198122;-0.9324823793:0.2586505248:0.2521438446;-0.3054298542:-0.1947107249:-0.9298102294
-1368.183818:182.9142821:-141.1637239;0.188506115:0.9534170445:-0.2355024076;-0.9601605575:0.2517917672:0.1212130764;-0.1748641804:-0.2032707168:-0.9628977287
-1401.251626:191.032453:-139.8935721;0.2474898791:0.9502426068:-0.1891764996;-0.9715242499:0.2322689076:-0.04681651895;0.0005472320939:-0.1953761715:-0.9806679396
-1434.120911:199.3383607:-144.3033693;0.3469002963:0.9239135386:-0.1613814041;-0.9432049237:0.2597353144:-0.2071280722;0.1494519804:-0.2240685246:-0.9615420563
-1465.705895:209.2671228:-153.7989163;0.4856324172:0.8652913081:-0.1242260337;-0.8841958523:0.3217025287:-0.3386815285;0.2530943537:-0.2743148731:-0.9213161623
-1494.72752:221.5935558:-167.5013401;0.6277072405:0.7776266529:-0.03578280239;-0.7976337024:0.3917263347:-0.4586185295;0.342616926:-0.3164197407:-0.8661506828
-1520.107491:235.9061952:-185.2898579;0.7091466117:0.6924443478:0.1327851963;-0.6833926258:0.4409400699:-0.5818473801;0.4614472434:-0.3218706742:-0.7859025176
-1541.233637:251.2621257:-207.0957969;0.6828476485:0.6499188866:0.3336533077;-0.555371849:0.4542530488:-0.6965746743;0.6042800691:-0.2903527239:-0.67113228
-1558.121847:266.6384122:-232.5229894;0.5863677579:0.6498279118:0.4836285119;-0.4372698572:0.4432234615:-0.7825266993;0.7228631941:-0.2473722558:-0.5440421056
-1571.650574:281.6482303:-260.4462062;0.4941978669:0.6663235319:0.5583739063;-0.353641512:0.4267332108:-0.8323679762;0.7929030596:-0.2138902858:-0.4465303038
-1582.990691:296.0792478:-289.7951184;0.4280661874:0.6925995023:0.5805732241;-0.3079642792:0.4065136525:-0.8601771056;0.8317691772:-0.1894169196:-0.3873106559
-1593.157129:309.742582:-319.8826051;0.3743347383:0.7239494522:0.5794572412;-0.279234742:0.3831430709:-0.8804710933;0.8594315925:-0.167786323:-0.3455755996
-1602.200198:322.5033161:-350.6105615;0.314203595:0.7567808211:0.5732005667;-0.2425693943:0.357614115:-0.9018160753;0.8874617233:-0.1443129386:-0.295935506
-1609.574046:334.5020634:-381.9931099;0.2490009227:0.7754832129:0.5801933531;-0.1815027102:0.3417729356:-0.9220889473;0.9133588849:-0.1242943327:-0.2258540812
-1614.487103:346.0825215:-413.9799189;0.1811272749:0.7863116625:0.5906834005;-0.1031006681:0.3320923531:-0.9375952865;0.9334035489:-0.108924226:-0.1412202407
-1616.590706:357.3410706:-446.3944169;0.1155826612:0.7986540446:0.590586459;-0.01915169433:0.3216060324:-0.946679868;0.9460058734:-0.09810904713:-0.05246765922
-1615.862368:368.0606337:-479.0703883;-0.1265150351:0.8251998651:0.5504898987;0.06051167318:0.2992278:-0.9522610257;0.9505275513:0.08716427221:0.08779104016
-1612.473348:377.8603919:-511.8687836;-0.1530398779:0.8570057695:0.4920568126;0.1360729956:0.2705856245:-0.9530307234;0.9498963283:0.07889606104:0.1580257332
-1606.520677:386.7031159:-544.5908038;-0.1761226396:0.8842493294:0.4325320095;0.2097211282:0.2438334655:-0.946869732;0.9427347045:0.07605409557:0.2283903605
-1598.01247:394.721406:-576.9727821;-0.1997474556:0.9039748746:0.3780613442;0.2847323193:0.2229215942:-0.9323269111;0.9270781402:0.07858364491:0.3019188839
-1586.88931:402.1155794:-608.7007096;-0.2232759751:0.9180456405:0.3276279;0.3616261619:0.2071963572:-0.9090083545;0.9023944644:0.0844809067:0.3782512902
-1573.096415:409.0406359:-639.4556452;-0.2471584621:0.9273189389:0.2810556531;0.4397831959:0.1968170204:-0.8762726751;0.8679007834:0.09297465339:0.4564642787
-1556.640745:415.8351745:-668.8848064;-0.2845215016:0.9261347238:0.2476327696;0.5164119215:0.2007712343:-0.8324720048;0.820698767:0.1089756705:0.5353907453
-1537.589715:422.8765315:-696.628675;-0.3205547599:0.9239702153:0.2086233142;0.5910616643:0.2066897787:-0.7796957383;0.7635359458:0.1266259369:0.6123787656
-1516.014187:429.9045848:-722.4363193;-0.3289934417:0.9317536869:0.1536176496;0.6637382675:0.1991375323:-0.7209686231;0.7023562123:0.1352320361:0.68395552
-1492.00695:436.290179:-746.1507518;-0.2895279613:0.9529390264:0.08989311202;0.7330964087:0.1684283334:-0.658939718;0.6430699204:0.1248811556:0.74736089
-1465.724146:441.4608626:-767.6643531;-0.2376474862:0.9705153804:0.04029353083;0.7944014865:0.1360921282:-0.591950345;0.5799805467:0.1086662706:0.803320813
-1437.488942:445.9028592:-786.8029036;-0.2181265197:0.9758889056:0.007852729779;0.8449555547:0.1259552155:-0.5197936074;0.5082499069:0.1067455629:0.8520569243
-1407.678005:450.4100805:-803.4126672;-0.2350690878:0.9717259824:-0.02216165983;0.8847928557:0.1399062405:-0.4444860475;0.4288180867:0.124093408:0.8926638392
-1376.644835:455.5620783:-817.410644;-0.249615815:0.966739035:-0.05574570084;0.9163648766:0.1558854801:-0.3687480577;0.3477931961:0.1431287492:0.9247971776
-1344.601288:460.9132474:-828.8454852;-0.2274918419:0.970507151:-0.07977049444;0.9433335513:0.150879122:-0.2955626864;0.2748099986:0.1424882837:0.9498357266
-1311.70025:465.6529247:-837.8020244;-0.1685282261:0.9823845689:-0.08073906014;0.9669424659:0.1199144687:-0.2250395251;0.2113935754:0.1159955379:0.9701183302
-1278.086577:469.0005268:-844.3553726;-0.09586995531:0.9936433451:-0.05900723954;0.9850073814:0.07416191112:-0.1557577268;0.150391539:0.07305505281:0.9858559286
-1243.967187:470.7367793:-848.5259424;-0.03175299557:0.9991972253:-0.02442646721;0.9958855139:0.02718269462:-0.08644734979;0.08571397485:0.02707092716:0.9959491742
-1209.575507:470.9591636:-850.2961522;0.01330859653:0.9998310325:0.01268021213;0.9997865481:-0.01289508954:-0.01614233539;0.01597609539:-0.01289233734:0.9997892321
-1175.153023:469.9209639:-849.6192588;0.04131087004:0.9979470959:0.04893879642;0.9973536166:-0.04662813949:0.05578153893;-0.05794894981:-0.0465049017:0.9972323943
-1140.930527:467.7956393:-846.4297044;0.05579180573:0.9949363351:0.0836000212;0.9886164552:-0.07627729503:0.1296891619;-0.135409243:-0.07541276409:0.9878660808
-1107.136651:464.6873642:-840.6738008;0.05952750255:0.9913969026:0.1165703991;0.9732516553:-0.1040163823:0.2048458143;-0.215208737:-0.1012583741:0.971070512
-1073.990673:460.6885086:-832.3325922;0.05274586311:0.9883764008:0.1425831835;0.9517283062:-0.1270084854:0.2794317014;-0.2942929735:-0.1209615855:0.9473649701
-1041.66968:456.0381462:-821.463212;0.03787071172:0.9870409132:0.1559360278;0.9254869658:-0.1413527048:0.3514161194;-0.3689040667:-0.1310083827:0.9188466274
-1010.288579:451.1105898:-808.1959152;0.01966051796:0.9881784351:0.1520422453;0.8970425795:-0.142559234:0.4183198242;-0.4350496553:-0.1281639835:0.8892409209
-979.8999767:446.35053:-792.7267591;0.003727403258:0.990862441:0.1348248104;0.8678478374:-0.1324151444:0.4788594372;-0.4923366776:-0.1152225179:0.8604113913
-950.5130575:442.0871755:-775.2981071;-0.006963880004:0.9938903113:0.1101524105;0.8389386812:-0.1142695152:0.5320943215;-0.5414304534:-0.09611655904:0.8330172678
-922.1095671:438.509953:-756.1680881;-0.01221654378:0.996336613:0.08464106391;0.8109137686:-0.09313947836:0.5777057188;-0.5834727837:-0.07569417132:0.8068052351
-894.6475298:435.6379439:-735.5984189;-0.01388736359:0.9978366827:0.06425804016;0.7843961248:-0.07502881465:0.6157056085;-0.6191948465:-0.05895428534:0.7816572747
-868.0578229:433.2459074:-713.8454549;-0.01476903504:0.9984822:0.05305819338;0.7602020887:-0.06551425492:0.6463750202;-0.6488700202:-0.04988128475:0.7580806716
-842.2450529:430.9968891:-691.1511088;-0.01706167676:0.9985211505:0.05161793548;0.7391324586:-0.06696560352:0.6702229603;-0.6726884276:-0.04958761906:0.7368968474
-817.0896954:428.5539767:-667.736591;-0.02072436656:0.9982353889:0.05564718253;0.7217614243:-0.07521032719:0.6880434966;-0.6910146102:-0.05442325535:0.7189291097
-792.4559259:425.7805305:-643.7929906;-0.02518966668:0.997735728:0.06236102766;0.7083107593:-0.08695286653:0.7005248513;-0.7043611426:-0.06181697436:0.7045166374
-768.2390013:422.4255563:-619.5151432;-0.03286747566:0.9964729077:0.07721057741;0.6978072612:-0.1098689887:0.7078091774;-0.7137957171:-0.07714200246:0.6917349142
-744.3772958:418.0474609:-595.1075534;-0.04500429106:0.9936973263:0.1026656591;0.6889776054:-0.1473334255:0.7096497171;-0.7203031097:-0.1026716224:0.678004568
-720.8393796:412.124269:-570.7653328;-0.06113780537:0.9885325004:0.1380784721;0.6804946207:-0.1973853777:0.7056671197;-0.7248295536:-0.1371045965:0.6606233401
-697.5438278:404.6172468:-546.6006751;-0.07373884111:0.9831477778:0.1672812908;0.6746356583:-0.2366857405:0.6991756494;-0.7269860822:-0.1644103258:0.6458136161
-674.3422145:396.0700452:-522.62705;-0.07914680521:0.9800489515:0.182317953;0.6737763868:-0.2551309744:0.6934937393;-0.726172769:-0.1777293455:0.6401410399
-651.0494186:387.3350773:-498.7863529;-0.07612876852:0.9808078188:0.1795005104;0.6789792028:-0.249066138:0.6906180573;-0.7220710893:-0.1744530156:0.6469870125
-627.5325013:379.0024179:-475.0382855;-0.06994387055:0.9829898756:0.169819785;0.6868108819:-0.2335975062:0.6882753937;-0.716237222:-0.1647747214:0.6587894296
-603.7316992:371.2651843:-451.3831353;-0.06323800912:0.9852774367:0.1588374228;0.6953756787:-0.2163010662:0.6853221974;-0.7095892019:-0.153790092:0.6714595175
-579.6367546:364.0644511:-427.843953;-0.05766719079:0.9869450349:0.1503794972;0.7035546474:-0.2023676448:0.6812181695;-0.7027568347:-0.1450841323:0.6826997925
-555.2426378:357.2754512:-404.4418995;-0.05322660085:0.9880527991:0.1446326216;0.7113790217:-0.1920443985:0.6760612668;-0.6957601118:-0.1388730561:0.692658163
-530.5766491:350.625203:-381.2268656;-0.05335242231:0.9869798639:0.1517374944;0.7170673194:-0.198110092:0.6682565757;-0.6896165131:-0.1444591054:0.697161352
-505.8264114:343.2633871:-358.3966395;-0.06157969901:0.9809269203:0.1843646324;0.7178501592:-0.2352146447:0.6552596584;-0.6861271002:-0.1726968732:0.6896740989
-481.3351836:333.9569534:-336.2812818;-0.08050556012:0.9635212537:0.2552364558;0.7079696017:-0.3149080704:0.6321486773;-0.689464706:-0.2315911353:0.6567919076
-457.4698898:321.5576891:-315.2284307;-0.1019788181:0.9333035935:0.3443032428;0.6884830326:-0.4081026701:0.5995359243;-0.7000601053:-0.2981869057:0.6009458604
-434.2153777:306.2522385:-295.2643703;-0.1152970559:0.9011713553:0.4178477919;0.6708815878:-0.4778086338:0.5671126913;-0.7107169953:-0.3457128138:0.5494893409
-411.1229801:289.510735:-276.0885454;-0.1082622655:0.8946178561:0.4335183656;0.677864012:-0.4851919743:0.5523487388;-0.7044806762:-0.3536650244:0.5539012669
-387.4792699:273.3698754:-257.2280086;-0.08963174046:0.906301733:0.413017336;0.7021383124:-0.4551047442:0.5476143369;-0.6842699716:-0.3390789215:0.5955573391
-362.8743197:258.3132468:-238.5143188;-0.0702411625:0.9174801041:0.3915308899;0.7279792165:-0.4232500076:0.5393567385;-0.6605645287:-0.3229113948:0.6381768748
-337.3334797:243.7263069:-220.1367728;-0.05576073033:0.9132298316:0.4036112184;0.7426857962:-0.4243116359:0.5180515841;-0.6443570973:-0.3286432538:0.6545828979
-311.2123728:228.7272781:-202.535618;-0.03864803071:0.905504711:0.4225725359;0.756675353:-0.4310938837:0.4915287109;-0.627249999:-0.3387468395:0.6685121671
-284.7542817:214.1055201:-186.0318056;-0.0155702726:0.9065908126:0.4217234463;0.7798243303:-0.4181747462:0.4658367691;-0.5986774302:-0.3361234096:0.7004704785
-257.9288275:199.7631655:-170.7439951;0.009360213138:0.8948642062:0.4462403376;0.7937797156:-0.4296548198:0.4304770597;-0.5769478241:-0.3501871712:0.7143467158
-230.4412646:184.8386373:-156.6142431;0.03876055078:0.8871649854:0.4598216049;0.8113472144:-0.4315968899:0.3942585729;-0.5482299757:-0.3577932988:0.7365277728
-201.9122314:170.646675:-143.5579181;0.06586160884:0.9053037584:0.4196276368;0.8474311846:-0.3860156216:0.3644891318;-0.491956204:-0.3315997048:0.7926062463
-172.0844977:158.6137807:-131.533646;0.08018901182:0.9362339298:0.3421048832;0.889673736:-0.309764089:0.3354502238;-0.4200316888:-0.2774623076:0.8577824143
-140.9119287:149.5571618:-120.5419293;0.07536405046:0.9669031083:0.2437593878;0.9267553231:-0.2183339324:0.3057038845;-0.3488069818:-0.2028662272:0.912537132
-108.6322008:143.6238527:-110.5553336;0.0545605072:0.9878269709:0.1456743855;0.9521654104:-0.1297280837:0.2766796986;-0.2922097275:-0.1236103264:0.9476527032
-75.5966936:140.3441765:-101.4667845;0.03126574312:0.9967892711:0.07371297237;0.9654181033:-0.06553127669:0.25233616;-0.2563564822:-0.06327436041:0.9643672915
-42.1611468:138.7983156:-93.1175603;0.01481687748:0.999378747:0.03197780677;0.9722989937:-0.02844164353:0.2320037495;-0.2327691179:-0.02765441821:0.9721163664
-8.5174776:138.0990892:-85.43989592;0.008123440506:0.9998356821:0.01620550994;0.9771311698:-0.01444174636:0.2121464425;-0.2123456189:-0.01411154988:0.9770879263
25.27666201:137.7567013:-78.595034;0.003627152956:0.9999723303:0.006494798287;0.9830947325:-0.005819592785:0.1830051344;-0.1830378678:-0.00572121437:0.9830886391
59.25215379:137.7013473:-72.97328519;-0.002216533467:0.9999916479:-0.00343382009;0.9900063668:0.003118160146:0.1409881937;-0.1409977233:0.003086998702:0.9900050097
93.42075925:137.9945728:-69.04930455;-0.01079605769:0.9998435275:-0.01401305397;0.9962240767:0.01308293081:0.08582788565;-0.08599778776:0.01303353894:0.9962094391
127.7437619:138.4610032:-67.08852932;-0.01116623424:0.9998638354:-0.01215014217;0.9995354005:0.01183636893:0.02808707022;-0.02822705932:0.01183087042:0.9995314668
162.1404677:138.6997441:-67.02976596;-0.001136045561:0.9999987892:-0.001063504254;0.9997578804:0.001088477362:-0.02197716612;0.02197598191:0.001088213821:0.9997579064
196.5424761:138.4818343:-68.41524071;0.01477502888:0.9998127445:0.01249698078;0.998366747:-0.01331915737:-0.05555572374;0.05537887137:-0.01329740747:0.9983765883
230.918872:137.8942695:-70.63955807;0.02160738183:0.9996139487:0.01746638354;0.997339232:-0.01899121968:-0.07038316501;0.07002428558:-0.01894070547:0.9973645584
265.2747376:137.21165:-73.09350333;0.02425145687:0.9995135235:0.01961079413;0.9972994914:-0.02131976273:-0.07027938673;0.06982709998:-0.02126221253:0.9973313639
299.6233161:136.3805071:-75.36247262;0.03068259714:0.9992018466:0.02557827324;0.9977976192:-0.02743531416:-0.06039217426;0.05964222408:-0.02737492889:0.9978430103
333.9762351:135.3018965:-77.21659618;0.03878109772:0.9986795887:0.03369132814;0.9982672936:-0.03551391605:-0.04691665243;0.04565819215:-0.03545243025:0.9983264388
368.3425624:134.0272683:-78.58092937;0.03789386569:0.9986897702:0.03439182837;0.9988378228:-0.03562345838:-0.03246495085;0.03119725844:-0.03558208146:0.9988790262
402.7338384:133.0395238:-79.45824842;0.0209937153:0.9995824147:0.01985598693;0.9996214598:-0.02024719648:-0.01862761794;0.01821781125:-0.02023953355:0.9996290964
437.1527504:132.653959:-79.87165979;0.002056821145:0.9999958383:0.002023062892;0.9999827132:-0.002034410035:-0.005516739628;0.00551260093:-0.002034374866:0.9999827361
471.5907784:132.8302977:-79.84652327;-0.01000380982:0.9998978121:-0.0102122072;0.9999250573:0.01014362921:0.006854670445;-0.006957558824:0.01014286905:0.999924352
506.0328445:133.2139618:-79.40764878;-0.01050870126:0.9998830637:-0.01110972868;0.9997691297:0.01091518855:0.01850799498;-0.01862709551:0.01091266878:0.9997669249
540.4677704:133.5533904:-78.57953974;-0.007982894208:0.9999300988:-0.008721866319;0.999530071:0.008486616997:0.02945529525;-0.02952725543:0.008482629155:0.9995279504
574.8903963:133.8062906:-77.38359032;-0.006183712078:0.9999565645:-0.006973578876;0.9991788401:0.006726305344:0.03995500349;-0.04000017445:0.006720782215:0.9991770338
609.2978371:134.0519127:-75.82887767;-0.007113114131:0.9999404347:-0.008278329039;0.9987006674:0.007919778586:0.0503413751;-0.05040393903:0.007909488789:0.9986975137
643.6862781:134.3695782:-73.91114257;-0.009431438244:0.9998911959:-0.01134215092;0.9980743994:0.01076489965:0.06108690625;-0.06120235686:0.01074417309:0.9980673333
678.0502158:134.8113518:-71.61602836;-0.0129398937:0.9997865792:-0.01610450963;0.9972714896:0.01516708257:0.07224635446;-0.07247519401:0.01512570816:0.9972549115
712.3831395:135.4345278:-68.93046006;-0.01774820006:0.9995804917:-0.02288759708;0.9962625783:0.02139674584:0.08368425342;-0.08413886727:0.0213168116:0.9962243916
746.6781684:136.317363:-65.85627782;-0.02446871475:0.9991665637:-0.03267200661;0.9950400299:0.0303422862:0.09473481189;-0.09564719983:0.03019191534:0.9949531641
780.9279932:137.5641981:-62.41666273;-0.03354941501:0.9983660715:-0.04625607084;0.9935854394:0.0427201966:0.1047041517;-0.106509141:0.04244659543:0.9933952294
815.1239482:139.3069953:-58.66274152;-0.04544323741:0.9968896722:-0.06438861405;0.9918381581:0.05921361383:0.1129195114;-0.1163809773:0.0587316562:0.9914440746
849.2529633:141.6994599:-54.66406582;-0.0606788376:0.9942877146:-0.08780671511;0.9896420938:0.08051568087:0.1188518041;-0.1252427062:0.07968543207:0.9888745736
883.2944391:144.9124771:-50.49860162;-0.0864832283:0.9941994558:-0.06393819951;0.9866680411:0.1069141558:0.1227010189;-0.1288251849:0.05247419782:0.9901911108
917.2131758:149.1253116:-46.23003568;-0.1164390084:0.9921339778:-0.04595788819;0.9824328689:0.1385501814:0.12501802;-0.1304020992:0.03059356567:0.9908376759
950.9533667:154.5159738:-41.88318082;-0.1501015145:0.9880867565:-0.03397200228;0.9762355276:0.1752885271:0.1274289093;-0.1318657199:0.0140374033:0.9909164695
984.4341603:161.2569057:-37.43384655;-0.1869143616:0.981971634:-0.02819098131;0.9673087134:0.2169169912:0.1313806373;-0.135127162:0.002712453911:0.9904146188
1017.542079:169.5098353:-32.80273068;-0.226038477:0.9736919447:-0.02882019792;0.9548645297:0.2630346641:0.1380090407;-0.1419590023:-0.003675968636:0.9891998557
1050.145396:179.4071024:-27.90157098;-0.2662107548:0.9632744301:-0.03513127197;0.9384748924:0.3124422465:0.1471214427;-0.1526948174:-0.006195493615:0.9871843535
1082.116526:191.024794:-22.67335257;-0.3058563138:0.9510666956:-0.04386406126;0.9188890357:0.3622410047:0.1562830592;-0.1645249743:-0.007493955434:0.9847184572
1113.389788:204.3157669:-17.17368376;-0.3374323747:0.9374141479:-0.08598899784;0.8980504768:0.4088948204:0.1622047069;-0.1872134429:0.02248934108:0.9798195728
1144.011017:219.0841595:-11.60820006;-0.3590863794:0.9208323601:-0.1520681976;0.880303707:0.4468766466:0.1592690999;-0.2146158674:0.07667483364:0.9710794572
1174.120829:235.0286321:-6.340415813;-0.3826007256:0.9009523351:-0.2046987411;0.8670982443:0.4769562901:0.1437126719;-0.2271106195:0.1225093464:0.9636980107
1203.847205:251.9092431:-1.876719712;-0.4151752222:0.8760561674:-0.2452654203;0.8572144524:0.502468026:0.1127353775;-0.2220005544:0.1634401276:0.9595802822
1233.131061:269.7413889:1.263978765;-0.4661878501:0.8376780936:-0.2845422638;0.8424325423:0.5345892129:0.06724421971;-0.2084422346:0.2083592245:0.9549062819
1261.741697:288.7470339:2.639257943;-0.5331545168:0.7846950754:-0.3162276078;0.8207780551:0.571123335:0.01189624146;-0.1899398881:0.253210146:0.9485574835
1289.508328:308.9806971:2.029697105;-0.6048622322:0.7259999067:-0.327209131;0.7966202668:0.6025942061:-0.04771135319;-0.1625358886:0.2895202209:0.9428327161
1316.617316:329.5660884:-0.626651339;-0.6482701952:0.7058915819:-0.2854169382;0.7958480642:0.595738815:-0.108264135;-0.09361120703:0.2973329297:0.9479821669
1343.577756:349.1633491:-5.295399638;-0.6686238061:0.708841263:-0.2246914991;0.8043649772:0.5696856939:-0.1686866731;-0.008431458179:0.2935218979:0.9510725033
1370.809855:368.090545:-11.96598565;-0.6847827588:0.7083645961:-0.1711495612;0.8048703434:0.5490203473:-0.2253006626;0.06563042132:0.2920352154:0.9461013238
1398.270946:386.3369429:-20.66483157;-0.6856603844:0.7200579251:-0.1067071776;0.8056659108:0.5187728534:-0.2859670729;0.1505560701:0.2820466285:0.9358281181
1425.456384:403.5149631:-31.49332049;-0.6944976364:0.7183538862:-0.04050589181;0.7911335198:0.499505397:-0.3529902438;0.2333390019:0.2771964588:0.915219156
1451.765033:420.6550206:-44.7370462;-0.7273142189:0.6855037018:0.03314667253;0.7510979683:0.5040145533:-0.4264049391;0.3090085696:0.2852339768:0.8814573888
1476.662263:437.1779113:-60.81825713;-0.6824744924:0.7150511759:0.1514278147;0.7162986348:0.4579655393:-0.5264825074;0.4458106568:0.250843345:0.8247399801
1499.677935:451.293443:-80.17932533;-0.5900232213:0.7631846357:0.2634801893;0.6609133605:0.398472362:-0.6359349861;0.5903253841:0.2010788317:0.7395068689
1520.274429:464.1928094:-102.9658913;-0.5234169429:0.7703863815:0.3640597851;0.5731317864:0.3770912118:-0.7275453068;0.6977747418:0.1721553053:0.6389088523
1538.302507:476.372934:-128.9412014;-0.4188223552:0.8060427982:0.4181899595;0.4928748362:0.336951398:-0.8022082966;0.7875239117:0.1298674603:0.5384009903
1554.155364:487.3220949:-157.4962882;-0.3431962267:0.8334193647:0.43316107;0.4319289593:0.3066338137:-0.84818222;0.8397133178:0.1039981273:0.4652135267
1568.749393:498.2143259:-187.7710899;-0.3281172791:0.8318959107:0.4475357471;0.3985606401:0.3051897563:-0.8648749209;0.8560692356:0.105410272:0.4316989991
1582.632249:507.8213229:-219.0489373;-0.2158142274:0.9138026006:0.3440770645;0.3846079856:0.2163070387:-0.8973783831;0.8944529911:0.06133223579:0.3981379139
1595.620444:513.350449:-250.9316113;-0.09900327462:0.9744791389:0.2014665222;0.3520897817:0.1166246576:-0.9286718876;0.9284673455:0.02100725413:0.3546503702
1606.583844:517.0306675:-283.4792263;-0.07522436275:0.9789300882:0.1898346059;0.2754101403:0.1044833742:-0.9556319789;0.9553314576:0.01960443121:0.2774669682
1614.106642:520.5482535:-316.7663611;-0.04855842756:0.980496476:0.1904435338;0.1551804637:0.09917601502:-0.9828952852;0.9826127943:0.01817473362:0.1569697291
1616.896911:523.8050901:-350.6632266;-0.00955274091:0.9831264488:0.1826776691;0.00588967554:0.09194975744:-0.9957462296;0.995741622:0.008436193544:0.006668668008
1614.396333:526.8710824:-384.6132405;0.04092070866:0.9851274249:0.1668815517;-0.1513484279:0.08656603892:-0.9846826769;0.9844841848:-0.01503665245:-0.1526398307
1606.692806:529.6145684:-417.9340747;0.06161791496:0.9900747965:0.126313617;-0.2943888465:0.07128793051:-0.9530232096;0.9525688967:-0.02153798306:-0.295859591
1594.36392:531.6065396:-449.9750528;0.04912610895:0.9966959907:0.06468174078;-0.418589446:0.04162172608:-0.9072213113;0.9069160093:-0.01749315894:-0.419251136
1578.09279:532.3014031:-480.2960491;-0.00289243811:0.9999922648:-0.002665374203;-0.5233839603:-0.002043644223:-0.8520945098;0.8520933657:0.001069616527:-0.5233858229
1558.484577:531.5391653:-508.5882684;-0.06462024985:0.9970110314:-0.0423465059;-0.6125521255:-0.04087052856:-0.7893728482;0.7887441616:0.02507002848:-0.6133622902
1536.021143:529.6164335:-534.6329892;-0.1150844062:0.9919914525:-0.05204361308;-0.689277238:-0.06821049032:-0.72127957;0.7190530887:0.04713555312:-0.6916070923
1511.087327:527.0008353:-558.259492;-0.1528128876:0.98783383:-0.02885386902;-0.756117125:-0.08202172097:-0.6492760049;0.6437434466:0.07740083669:-0.7594520516
1484.025469:524.0164015:-579.3445359;-0.1848921512:0.9826248789:0.01622466306;-0.8135017143:-0.0906113991:-0.574460212;0.5630087569:0.1194119756:-0.8161203601
1455.15847:520.7799611:-597.8208206;-0.2052775469:0.9764404415:0.066522124;-0.8613183426:-0.09737612306:-0.4986467721;0.4804212078:0.1596577117:-0.8610151944
1424.808068:517.3081049:-613.701359;-0.2173112028:0.9688100449:0.1190921411;-0.8996890914:-0.1041298574:-0.4239298429;0.3983064424:0.1992706042:-0.8942564136
1393.279046:513.6232512:-627.0623912;-0.2197765214:0.9603446872:0.171570284;-0.9294216738:-0.10954767:-0.3523842508;0.3196152183:0.2369069254:-0.9166411725
1360.843108:509.7864902:-638.0192064;-0.2123028705:0.9516798694:0.2218849192;-0.9521915316:-0.1126019674:-0.2839931057;0.2452858433:0.2715694927:-0.9300872333
1327.706379:505.892405:-646.6664279;-0.1962487551:0.9429748335:0.2688584935;-0.9693738797:-0.1134348118:-0.2178229207;0.1749036198:0.3033718779:-0.9363566134
1294.041831:501.9153161:-653.0322527;-0.1787695131:0.9316119986:0.3164499095;-0.9814663361:-0.1179001734:-0.1510740886;0.1034329344:0.3375923745:-0.9354227715
1260.038889:497.5809654:-657.0645328;-0.1668828736:0.94085895:0.2948466428;-0.9871171261:-0.1374758108:-0.08185463254;0.03647938234:0.3047083069:-0.9516803411
1226.02771:492.1607767:-658.6337574;-0.1743205986:0.9398815731:0.2936578917;-0.9839513375:-0.1782352618:-0.008482742223;-0.04436741809:0.290423792:-0.9558678085
1192.536406:485.4218593:-657.6120506;-0.1714772178:0.941313033:0.2907324158;-0.9741915895:-0.214769058:0.06946221084;-0.1278260114:0.2713178876:-0.9538472404
1160.245214:477.5781811:-653.9090243;-0.165617421:0.9409505061:0.2952677004;-0.9539400403:-0.2579533283:0.1531616138;-0.2202827841:0.2563014505:-0.9403319287
1129.776164:468.2454156:-647.4956458;-0.15459067:0.9372249019:0.3125879205;-0.9176656323:-0.3140998961:0.2433742851;-0.3262802738:0.249227798:-0.9086159955
1101.362279:457.9224245:-638.19042;-0.1177884233:0.9535093076:0.2773912178;-0.8776764757:-0.3298433211:0.3476886358;-0.4230199909:0.2025060502:-0.8757244134
1074.813638:447.4455364:-625.57206;-0.08517910106:0.9676419559:0.2375154015;-0.8156583451:-0.3515096164:0.4595023978;-0.5281227466:0.1545914181:-0.8192065096
1049.761433:434.9896401:-608.9449299;-0.03453457429:0.9671196051:0.2519663322;-0.7229172996:-0.406182313:0.558933365;-0.6428996829:0.1628482947:-0.7131748266
1026.301215:421.3847606:-587.8767101;0.01193502743:0.9829613737:0.1834243521;-0.6451357745:-0.367690055:0.6697789605;-0.7258101572:0.1263274417:-0.6297551562
