-350.2232734:67.44277739:-134.3463334;-0.02806226478:0.9989111946:-0.03726841359;0.6008661102:0.04665217419:0.7979871504;-0.7979871504:0:0.6008661102
-337.5135446:68.39517841:-116.9700385;-0.02407704492:0.99913322:-0.03395739476;0.5778980989:0.04162701948:0.8150466113;-0.8150466113:0:0.5778980989
-325.3505174:69.23203672:-99.20068436;-0.0197572382:0.9993552705:-0.02997823914;0.5499363072:0.03590324892:0.8344345479;-0.8344345479:0:0.5499363072
-313.8574916:69.93597412:-80.98638723;-0.01509487052:0.9995716442:-0.0250733522;0.5155520407:0.02926650143:0.8563583159;-0.8563583159:0:0.5155520407
-303.1817497:70.48626823:-62.27594384;-0.01022720543:0.999766937:-0.01901251886;0.4736193396:0.02158869158:0.8804650189;-0.8804650189:0:0.4736193396
-293.5369082:70.85399265:-43.0130919;-0.005128060586:0.9999251827:-0.01110549269;0.4191918262:0.01223229223:0.9078152807;-0.9078152807:0:0.4191918262
-285.218484:71.00014865:-23.13618668;-0.0003552443496:0.9999994854:-0.0009502769765;0.3501642602:0.00101450721:0.936687761;-0.936687761:0:0.3501642602
-278.564156:70.88270452:-2.640338541;0.003242388201:0.9999246757:0.01183764229;0.2641545074:-0.01227366515:0.9644022778;-0.9644022778:0:0.2641545074
-273.967975:70.45605898:18.39024671;0.004416351782:0.9996187709:0.02725451669;0.1598937338:-0.02761001345:0.9867480332;-0.9867480332:0:0.1598937338
-271.6952536:69.69358764:39.80187106;0.002204813771:0.999074389:0.04295933081;0.05120837567:-0.04301587274:0.9977611623;-0.9977611623:0:0.05120837567
-271.7515205:68.60616149:61.32076005;-0.003249212493:0.9983306057:0.05766666653;-0.05616158564:-0.05775813199:0.9967496549;-0.9967496549:0:-0.05616158564
-274.0603926:67.21451512:82.68923575;-0.01115084546:0.9974678315:0.07023947485;-0.1563941468:-0.07111909154:0.9851309282;-0.9851309282:0:-0.1563941468
-278.4178105:65.55300686:103.7229346;-0.02046243297:0.9965660782:0.08023303963;-0.2462784007:-0.08280127904:0.9656556827;-0.9656556827:0:-0.2462784007
-284.5875921:63.65890806:124.2769585;-0.03015832796:0.9956979071:0.08761365757;-0.3240765167:-0.09265893231:0.9414822003;-0.9414822003:0:-0.3240765167
-292.2932424:61.57218551:144.2951517;-0.03933695662:0.9949201783:0.09266305985;-0.388778285:-0.1006669698:0.9158152686;-0.9158152686:0:-0.388778285
-301.2621177:59.33022678:163.7536678;-0.04767838697:0.9942323514:0.09606665837;-0.4419998985:-0.1072475241:0.8905807421;-0.8905807421:0:-0.4419998985
-311.2683412:56.95800548:182.6888551;-0.05503660373:0.9936234475:0.098404354;-0.485019188:-0.1127494773:0.8672046717;-0.8672046717:0:-0.485019188
-322.1033321:54.47766719:201.1538872;-0.06126197861:0.9931063877:0.09993334076;-0.5190367731:-0.1172164776:0.8466765176;-0.8466765176:0:-0.5190367731
-333.5873209:51.91277378:219.2110734;-0.06625949293:0.992699384:0.1007849825;-0.5453373116:-0.1206148129:0.8294933897;-0.8294933897:0:-0.5453373116
-345.5547602:49.28475691:236.9289997;-0.07019179595:0.9923625841:0.1014377318;-0.5646759966:-0.123355185:0.8160419825;-0.8160419825:0:-0.5646759966
-357.8732709:46.59786957:254.3985185;-0.07344005893:0.9920207166:0.10247661;-0.5778629998:-0.1260749692:0.8063370608;-0.8063370608:0:-0.5778629998
-370.4214829:43.85193089:271.7176064;-0.07575443597:0.9917190597:0.1037042524;-0.5849824859:-0.1284262689:0.8008134519;-0.8008134519:0:-0.5849824859
-383.0561341:41.0691437:288.9672206;-0.07650097207:0.9915837121:0.1044478016;-0.5859178948:-0.1294671464:0.7999615482;-0.7999615482:0:-0.5859178948
-395.6232726:38.27987323:306.2246724;-0.07591146611:0.991549074:0.1052040071;-0.580194941:-0.1297321617:0.8040792229;-0.8040792229:0:-0.580194941
-407.9758618:35.47536326:323.6268511;-0.07484270193:0.9913756306:0.1075775486;-0.5661707498:-0.1310509786:0.8138036146;-0.8138036146:0:-0.5661707498
-419.9624922:32.62618312:341.346282;-0.07259202389:0.9911659463:0.1109975898;-0.5425022356:-0.1326275494:0.8295186903;-0.8295186903:0:-0.5425022356
-431.2895452:29.77649385:359.5105676;-0.06632374391:0.9914405144:0.1124582922;-0.5036492512:-0.1305592069:0.8539857875;-0.8539857875:0:-0.5036492512
-441.5426901:27.02647702:378.2157564;-0.05604110921:0.9921658239:0.1116529088;-0.4450733366:-0.124927891:0.8867371353;-0.8867371353:0:-0.4450733366
-450.159982:24.39736588:397.6739689;-0.04271577437:0.9927204466:0.1126120666;-0.3520786529:-0.1204413339:0.9281888317;-0.9281888317:0:-0.3520786529
-456.4237816:21.83629166:418.1982185;-0.02554851999:0.9933195317:0.1125325781;-0.2199190273:-0.1153963085:0.9686688358;-0.9686688358:0:-0.2199190273
-459.2104978:19.51750169:439.5340749;-0.002276318914:0.9954703612:0.0950451388;-0.02383455306:-0.09507239367:0.9951849848;-0.9951849848:0:-0.02383455306
-456.9213038:17.89558312:460.7169264;0.01317889724:0.9985329013:0.05252010759;0.2430278992:-0.05414836132:0.9685067863;-0.9685067863:0:0.2430278992
-449.2288465:17.05851261:480.8392211;0.01266253708:0.999611272:0.02483878049;0.4540003452:-0.02788018762:0.8905652035;-0.8905652035:0:0.4540003452
-437.8204232:16.50055348:499.1544484;0.01611303441:0.9996315032:0.02184554605;0.5933697992:-0.02714512405:0.8044721398;-0.8044721398:0:0.5933697992
-424.0386694:15.94504111:515.3680685;0.01549269638:0.9997518042:0.01600957251;0.6952386697:-0.02227846613:0.718433617;-0.718433617:0:0.6952386697
-408.2203764:15.65878744:530.0364013;0.002021813924:0.999996507:0.001702431688;0.7649361999:-0.002643105219:0.6441006319;-0.6441006319:0:0.7649361999
-390.8705346:15.63483023:543.5979787;0.005477874357:0.9999769432:0.004013215705;0.8066596398:-0.006790655916:0.5909772522;-0.5909772522:0:0.8066596398
-373.1896873:15.0419518:555.9628579;0.04692569853:0.9984000101:0.0315499381;0.8285438433:-0.05654573173:0.5570616483;-0.5570616483:0:0.8285438433
-355.8678784:13.36306852:567.1326014;0.08197308368:0.9953641362:0.05030556488;0.8483534842:-0.0961781488:0.5206209078;-0.5206209078:0:0.8483534842
-337.675594:11.44829137:577.6423909;0.06677455119:0.9971105861:0.03621654846;0.876492834:-0.0759636694:0.4753838795;-0.4753838795:0:0.876492834
-317.6619862:10.20320945:587.9327562;0.03351868843:0.9993014965:0.0165232148;0.8963138643:-0.03737002945:0.4418426616;-0.4418426616:0:0.8963138643
-297.4843282:9.691617805:597.6504531;0.008113176167:0.9999596781:0.003849494761;0.9034250114:-0.008980102306:0.4286520811;-0.4286520811:0:0.9034250114
-279.3150047:8.99186954:606.2336652;0.1083621646:0.9928079348:0.05089249328;0.8986351078:-0.1197180212:0.4220456591;-0.4220456591:0:0.8986351078
-264.6224676:3.197885036:613.0685026;0.5472520877:0.7984586051:0.2509561881;0.7257841501:-0.6020497122:0.3328265488;-0.3328265488:0:0.7257841501
-253.9020915:-12.1587183:617.8528631;0.7955870936:0.5007687681:0.3409865354;0.4602748013:-0.8655811001:0.197272569;-0.197272569:0:0.4602748013
-242.6798631:-30.14823092:622.4683455;0.672865017:0.6890849745:0.2690995482;0.6398145691:-0.7246805489:0.255881651;-0.255881651:0:0.6398145691
-225.3145599:-40.42643042:629.3270695;0.2318518057:0.9685110238:0.09072561316;0.9019175865:-0.2489706744:0.3529281378;-0.3529281378:0:0.9019175865
-203.6439199:-43.38869779:637.7077847;0.05064060202:0.9985301338:0.01931583052;0.9329659297:-0.0541993716:0.3558609309;-0.3558609309:0:0.9329659297
-182.9491439:-44.57160533:645.4256833;0.04970366307:0.9986025309:0.01795915399;0.9391754495:-0.05284870229:0.3393471523;-0.3393471523:0:0.9391754495
-163.7713937:-44.95834788:652.0397015;-0.03116100864:0.9994625539:-0.01017815613;0.9500663687:0.03278114277:0.310321272;-0.310321272:0:0.9500663687
-143.7177643:-42.70565126:658.2205346;-0.1627877536:0.9855002747:-0.04784721266;0.9455045377:0.1696738297:0.2779063884;-0.2779063884:0:0.9455045377
-122.6567741:-38.17182937:664.3082858;-0.2126390521:0.9752003183:-0.06139195906;0.9369323524:0.2213240591:0.2705058739;-0.2705058739:0:0.9369323524
-102.2605271:-33.4366237:670.3582471;-0.2036876931:0.9770527365:-0.0622838155;0.9343470467:0.2129975352:0.2857055238;-0.2857055238:0:0.9343470467
-82.95513176:-28.58393774:676.3318892;-0.2562759928:0.9633423775:-0.07933523271;0.9202555019:0.2682749777:0.2848830419;-0.2848830419:0:0.9202555019
-63.87941912:-21.71084582:682.1083349;-0.3644810029:0.9250056111:-0.1073229609;0.8873375894:0.3799534437:0.2612802769;-0.2612802769:0:0.8873375894
-44.51840339:-12.95389753:687.6869209;-0.3829115096:0.9173913838:-0.1084980401;0.8826428718:0.3979862421:0.250097005;-0.250097005:0:0.8826428718
-24.85696021:-5.075096543:693.2195665;-0.2947049044:0.9520120909:-0.0825953886;0.9166903545:0.306060417:0.256915969;-0.256915969:0:0.9166903545
-4.864507056:0.2604348075:698.7760376;-0.1867288778:0.9810715977:-0.0512917768;0.9460304723:0.1936453464:0.2598611655;-0.2598611655:0:0.9460304723
15.56084338:3.346266031:704.2840354;-0.0961537101:0.9950425379:-0.02539314565;0.9620594525:0.09945022781:0.2540694038;-0.2540694038:0:0.9620594525
36.38639965:4.898383013:709.6838396;-0.05280967582:0.9985136526:-0.01347678719;0.9675062501:0.05450216191:0.2469031599;-0.2469031599:0:0.9675062501
57.30637823:6.124943294:714.9639392;-0.06587953449:0.9976914853:-0.01647990029;0.9678682762:0.06790949991:0.2421142288;-0.2421142288:0:0.9678682762
78.11477299:7.835619664:720.1220721;-0.08493458481:0.9961685864:-0.02083899762;0.9674739552:0.08745368785:0.2373731207;-0.2373731207:0:0.9674739552
98.92716163:9.724343965:725.1650739;-0.08230256876:0.996413198:-0.01967297628;0.969111941:0.08462114878:0.231649103;-0.231649103:0:0.969111941
119.8497656:11.47065431:730.1004379;-0.07724995349:0.9968492758:-0.01799905353;0.9708449831:0.07931911019:0.2262045481;-0.2262045481:0:0.9708449831
140.8086566:13.23290494:734.9334392;-0.08383559106:0.9962955674:-0.01915035453;0.9712775662:0.08599501385:0.2218665069;-0.2218665069:0:0.9712775662
161.7261613:15.1887044:739.6663428;-0.09184999274:0.9955605226:-0.02056269896;0.971512558:0.09412356641:0.2174950663;-0.2174950663:0:0.971512558
182.6497871:17.2201494:744.2910999;-0.09096903037:0.9956562965:-0.01982863249;0.9728145391:0.09310498994:0.2120455929;-0.2120455929:0:0.9728145391
203.6417928:19.17707934:748.794828;-0.08751728182:0.9959918468:-0.01846527962;0.9745363981:0.08944406726:0.2056175274;-0.2056175274:0:0.9745363981
224.679381:21.12331588:753.1530502;-0.09020338385:0.9957546818:-0.01832929751;0.9758127458:0.09204680117:0.1982848244;-0.1982848244:0:0.9758127458
245.7209946:23.17022787:757.3374313;-0.09557619295:0.9952489832:-0.01856482781;0.9769889161:0.09736252611:0.189771432;-0.189771432:0:0.9769889161
266.7815618:25.2894186:761.318685;-0.09711782308:0.9951132354:-0.01782630402;0.9787616816:0.09874030927:0.1796550082;-0.1796550082:0:0.9787616816
287.8953439:27.40437932:765.0661869;-0.09633422915:0.9952125078:-0.01648577198;0.9809521686:0.09773466316:0.1678713155;-0.1678713155:0:0.9809521686
309.0643383:29.51604406:768.5410332;-0.0973263567:0.9951354234:-0.01526660946;0.9831141338:0.09851644062:0.1542112542;-0.1542112542:0:0.9831141338
330.2751629:31.66183026:771.6994218;-0.09954662164:0.994934535:-0.01399075349;0.985251371:0.1005249773:0.1384718921;-0.1384718921:0:0.985251371
351.5290408:33.83905416:774.4901211;-0.1005932199:0.9948524013:-0.01223534708;0.9875739769:0.1013345923:0.1201205249;-0.1201205249:0:0.9875739769
372.8360116:36.02002523:776.8564065;-0.1005160249:0.9948846974:-0.01004826461;0.9899505282:0.1010170228:0.09896217905;-0.09896217905:0:0.9899505282
394.1951547:38.19386438:778.7299186;-0.1004635912:0.9949122883:-0.007523663405;0.992134021:0.1007449188:0.0743003743;-0.0743003743:0:0.992134021
415.5964853:40.3630714:780.0324365;-0.1003926933:0.9949371036:-0.004633255696;0.9938792127:0.1004995519:0.04586884136;-0.04586884136:0:0.9938792127
437.0269767:42.51923167:780.6724106;-0.09944909749:0.9950418396:-0.001270609322;0.994960635:0.09945721411:0.01271209382;-0.01271209382:0:0.994960635
458.470399:44.64263641:780.5448151;-0.09742451271:0.9952397937:0.002493454565;0.9949139939:0.09745641586:-0.0254635386;0.0254635386:-0:0.9949139939
479.8957667:46.71354677:779.529535;-0.09435195315:0.9955167905:0.006635417524;0.9930640816:0.09458498733:-0.06983845686;0.06983845686:-0:0.9930640816
501.2535872:48.71270398:777.4882719;-0.09009658082:0.9958722605:0.01100213386;0.9885290396:0.09076585716:-0.1207141128;0.1207141128:-0:0.9885290396
522.4745435:50.61525461:774.2738966;-0.08414936973:0.9963348421:0.01535467174;0.9801513647:0.085538777:-0.1788474769;0.1788474769:-0:0.9801513647
543.4601532:52.38759865:769.7274182;-0.0762688537:0.9969009472:0.01927598122;0.9665102799:0.07866702929:-0.2442731613;0.2442731613:-0:0.9665102799
564.0851139:53.99305828:763.6981912;-0.06638423647:0.9975473556:0.02219023461;0.9460904311:0.06999480955:-0.3162493048;0.3162493048:-0:0.9460904311
584.1768569:55.39044314:756.0538787;-0.05454972549:0.9982358698:0.0234408961;0.9171429951:0.05937295817:-0.3941111245;0.3941111245:-0:0.9171429951
603.5514713:56.54042234:746.7000513;-0.04145822249:0.9988903796:0.0223433503;0.8793197058:0.04709574837:-0.4738975052;0.4738975052:-0:0.8793197058
622.0105561:57.40949841:735.6300918;-0.02773837391:0.9994450454:0.0184440723;0.8322550911:0.03331067682:-0.5533912379;0.5533912379:-0:0.8322550911
639.3699196:57.97010487:722.8828264;-0.01450531075:0.9998261225:0.01171838951;0.777738773:0.01864737763:-0.628310971;0.628310971:-0:0.777738773
655.4965124:58.21044535:708.5976734;-0.002575172194:0.9999935661:0.002497251787;0.7178797368:0.003587168566:-0.6961578957;0.6961578957:-0:0.7178797368
670.296368:58.12879642:692.9464357;0.00715622745:0.9999405203:-0.008230687703;0.6560931013:-0.01090668654:-0.7546011441;0.7546011441:-0:0.6560931013
683.7920625:57.75145703:676.1521911;0.01423742368:0.9997154863:-0.01913745751;0.5967220809:-0.02385259971:-0.8020933933;0.8020933933:-0:0.5967220809
696.0459894:57.11352883:658.4434251;0.01895741869:0.9993877784:-0.0294055198;0.5415148956:-0.03498668773:-0.8399628263;0.8399628263:-0:0.5415148956
707.1754594:56.25935274:640.0105218;0.02164415287:0.9990352143:-0.038212186;0.4923747199:-0.04391628983:-0.8692746946;0.8692746946:-0:0.4923747199
717.3116532:55.234126:621.023295;0.0229404244:0.9986976773:-0.04557067267;0.4490582042:-0.05101910701:-0.8920447186;0.8920447186:-0:0.4490582042
726.5609662:54.06905551:601.5959759;0.02337743328:0.9983792134:-0.05188874516;0.4101006761:-0.05691174098:-0.9102628682;0.9102628682:-0:0.4101006761
735.0185242:52.78925314:581.817741;0.02320946469:0.9980947146:-0.05716871006;0.3754471621:-0.06170041055:-0.9247878069;0.9247878069:-0:0.3754471621
742.7693691:51.41644394:561.7569597;0.02262904177:0.9978494119:-0.06151810813;0.3444856823:-0.06554808281:-0.9365004344;0.9365004344:-0:0.3444856823
749.8921668:49.97022922:541.4700539;0.02178625559:0.9976470541:-0.06500549668;0.3170254768:-0.06855913894:-0.9459357756;0.9459357756:-0:0.3170254768
756.4516002:48.46567924:520.9986103;0.02079113411:0.9974776493:-0.06786801807;0.2921713683:-0.07098125903:-0.9537282382;0.9537282382:-0:0.2921713683
762.5029665:46.9148668:500.3743508;0.01971174811:0.9973419147:-0.07014664763;0.2698103139:-0.07286360674:-0.9601527427;0.9601527427:-0:0.2698103139
768.0951384:45.32848013:479.6232222;0.01858764031:0.9972367652:-0.07192589074;0.2495162704:-0.07428885603:-0.9655168547;0.9655168547:-0:0.2495162704
773.2717026:43.71607242:458.7664807;0.01745623298:0.9971616764:-0.07323845276;0.2311950578:-0.07529004604:-0.9699898217;0.9699898217:-0:0.2311950578
778.070583:42.08577175:437.8212481;0.01633542417:0.997110693:-0.074185038;0.2144252251:-0.0759622666:-0.973782089;0.973782089:-0:0.2144252251
782.5241045:40.44429753:416.8005928;0.01524357986:0.9970826:-0.07479252735;0.1991233092:-0.07633013084:-0.9769972461;0.9769972461:-0:0.1991233092
786.6615642:38.79781393:395.7157568;0.01418601782:0.9970747768:-0.0751042365;0.1850595766:-0.07643225393:-0.9797505109;0.9797505109:-0:0.1850595766
790.5087584:37.15186313:374.5759082;0.01317225833:0.9970862128:-0.07513704691;0.1721732311:-0.07628292212:-0.982108596;0.982108596:-0:0.1721732311
794.0891902:35.51152882:353.3889351;0.01220271001:0.9971140589:-0.07493095149;0.1602713744:-0.07591807178:-0.9841491416;0.9841491416:-0:0.1602713744
797.4231342:33.88124214:332.1609357;0.01128144868:0.9971570661:-0.07450177456;0.1492928307:-0.07535108159:-0.9859177781;0.9859177781:-0:0.1492928307
800.5294149:32.26520112:310.8973332;0.01040712573:0.9972135773:-0.07386997361;0.139117969:-0.0745994723:-0.9874619534;0.9874619534:-0:0.139117969
803.4245752:30.66725954:289.6025364;0.009581055196:0.9972825629:-0.07304582954;0.1296976355:-0.07367149946:-0.9888129416;0.9888129416:-0:0.1296976355
806.1241603:29.09112956:268.2804979;0.008801356132:0.9973627256:-0.07204255506;0.1209474167:-0.07257818962:-0.9900020852;0.9900020852:-0:0.1209474167
808.6419119:27.54027307:246.9343368;0.008067676091:0.997453058:-0.0708682559;0.1128218199:-0.0713259917:-0.9910518856;0.9910518856:-0:0.1128218199
810.9907879:26.01804822:225.5668787;0.007377909697:0.9975523721:-0.06953295143;0.105256096:-0.06992327857:-0.9919838151;0.9919838151:-0:0.105256096
813.1821475:24.52760702:204.1804251;0.006730512965:0.9976596071:-0.06804416683;0.09820315037:-0.06837622719:-0.9928146014;0.9928146014:-0:0.09820315037
815.2268636:23.07207765:182.777079;0.006124318405:0.9977742429:-0.06640069977;0.0916384979:-0.06668253299:-0.9935571576;0.9935571576:-0:0.0916384979
817.1351073:21.65465348:161.3585592;0.005557932028:0.9978956864:-0.06460114887;0.0855375372:-0.06483979522:-0.9942228778;0.9942228778:-0:0.0855375372
818.916563:20.27849331:139.9264309;0.005029192057:0.9980226129:-0.06265438057;0.07985324192:-0.0628559001:-0.9948228966;0.9948228966:-0:0.07985324192
820.5793156:18.94649468:118.4819677;0.004534860475:0.998153539:-0.06057183815;0.0745206759:-0.06074135771:-0.9953678498;0.9953678498:-0:0.0745206759
822.1310809:17.66156148:97.02633141;0.004075137338:0.9982885076:-0.05833908435;0.0695635511:-0.05848124064:-0.9958618664;0.9958618664:-0:0.0695635511
823.5805307:16.42719661:75.56056322;0.003650292749:0.998428091:-0.05592872677;0.06502592266:-0.05604772176:-0.9963083269;0.9963083269:-0:0.06502592266
824.9361821:15.24699121:54.08562089;0.003256010801:0.9985694919:-0.05337010632;0.06080780717:-0.05346933565:-0.9967163291;0.9967163291:-0:0.06080780717
826.2018115:14.12317786:32.60216218;0.002883101715:0.9987079907:-0.05073496821;0.05666188236:-0.05081682078:-0.997099334;0.997099334:-0:0.05666188236
827.3780099:13.05706221:11.11066861;0.002526551444:0.9988405553:-0.04807454186;0.0524215939:-0.04814088737:-0.9974640001;0.9974640001:-0:0.0524215939
828.4566964:12.04730449:-10.38863383;0.002171788452:0.9989599764:-0.04554392221;0.0475819203:-0.0455956743:-0.9978261348;0.9978261348:-0:0.0475819203
829.4242891:11.09091035:-31.89566809;0.001820623888:0.9990672533:-0.04314288682;0.0421230104:-0.04318128477:-0.998178856;0.998178856:-0:0.0421230104
830.2684007:10.18563127:-53.41011754;0.001477013394:0.9991653914:-0.0408208153;0.03612900816:-0.04084752784:-0.99851198;0.99851198:-0:0.03612900816
830.977621:9.329836144:-74.93146263;0.001142851245:0.9992551372:-0.03857284892;0.02959333033:-0.03858977563:-0.9988168321;0.9988168321:-0:0.02959333033
831.539231:8.521790972:-96.45899142;0.0008169720698:0.9993366814:-0.03640782619;0.02241893493:-0.03641699125:-0.9990851786;0.9990851786:-0:0.02241893493
831.9391621:7.759647115:-117.9917971;0.0005009956919:0.9994106079:-0.03432471261;0.01458561619:-0.03432836862:-0.9993041694;0.9993041694:-0:0.01458561619
832.1628842:7.041759196:-139.528679;0.0001959134471:0.9994779818:-0.03230674051;0.006060889255:-0.03230733453:-0.9994596049;0.9994596049:-0:0.006060889255
832.1953491:6.3667413:-161.0680754;-9.625095714e-005:0.9995393442:-0.03034946624;-0.003169944869:-0.03034961886:-0.9995343176;0.9995343176:0:-0.003169944869
832.020452:5.733236682:-182.6080512;-0.0003757407274:0.9995950915:-0.0284519212;-0.01319966538:-0.02845440213:-0.9995079369;0.9995079369:0:-0.01319966538
831.6204914:5.139909271:-204.1461237;-0.0006407388944:0.9996456083:-0.02661291709;-0.02406073183:-0.02662062927:-0.9993560043;0.9993560043:0:-0.02406073183
830.9767558:4.585494074:-225.6793415;-0.0008906446342:0.999691399:-0.02482566095;-0.03584183897:-0.02484163218:-0.9990486754;0.9990486754:0:-0.03584183897
830.0688335:4.068860852:-247.2039331;-0.001123214519:0.9997328333:-0.02308680108;-0.04858134378:-0.02311410813:-0.9985517468;0.9985517468:0:-0.04858134378
828.8750293:3.588911273:-268.7154778;-0.001338026973:0.9997702089:-0.02139483621;-0.06240342702:-0.0214366353:-0.997820767;0.997820767:0:-0.06240342702
827.3709788:3.144587308:-290.208195;-0.001532933301:0.9998038058:-0.01974841755;-0.07737511049:-0.01980782371:-0.996805268;0.996805268:0:-0.07737511049
825.530891:2.734858252:-311.6754854;-0.001706658088:0.9998339063:-0.0181451664;-0.0936269518:-0.01822525021:-0.9954405227;0.9954405227:0:-0.0936269518
823.3257755:2.358759758:-333.1088351;-0.00185667555:0.9998607686:-0.01658301002;-0.1112517962:-0.01668662534:-0.9936521496;0.9936521496:0:-0.1112517962
820.7248854:2.015340204:-354.4985333;-0.001981447796:0.9998845902:-0.01506253824;-0.1304093652:-0.01519230705:-0.991343831;0.991343831:0:-0.1304093652
817.6929356:1.703647246:-375.831572;-0.002078819373:0.9999055707:-0.01358411792;-0.1512577154:-0.01374226145:-0.9883988334;0.9883988334:0:-0.1512577154
814.1925566:1.422728501:-397.093272;-0.002145940853:0.9999239046:-0.0121482452;-0.1739397668:-0.01233632536:-0.9846790201;0.9846790201:0:-0.1739397668
810.1814959:1.171632332:-418.2646015;-0.002180248933:0.9999397785:-0.01075574149;-0.1986531828:-0.01097449135:-0.9800084048;0.9800084048:0:-0.1986531828
805.614929:0.9493899807:-439.3239784;-0.002178949557:0.9999533455:-0.009410583595;-0.2255641222:-0.009659549926:-0.974180435;0.974180435:0:-0.2255641222
800.4413367:0.7549172856:-460.2421423;-0.002141408632:0.9999647407:-0.008119836799;-0.2549976335:-0.008397462747:-0.9669052123;0.9669052123:0:-0.2549976335
794.6059319:0.5870721475:-480.9856585;-0.002063719957:0.9999741551:-0.006886957673;-0.2870383632:-0.007189515008:-0.9578921071;0.9578921071:0:-0.2870383632
788.0492437:0.4446178085:-501.5120124;-0.001945000649:0.9999817517:-0.00571955485;-0.3219490864:-0.006041219679:-0.9467377089;0.9467377089:0:-0.3219490864
780.708894:0.3262375811:-521.7726586;-0.001784134352:0.9999877061:-0.0046264999;-0.3598022064:-0.004958592211:-0.9330154257;0.9330154257:0:-0.3598022064
772.5166807:0.2302509569:-541.7031972;-0.001589796695:0.9999921424:-0.003631472732;-0.4010331976:-0.003964220949:-0.9160549434;0.9160549434:0:-0.4010331976
763.4010158:0.1547316742:-561.2281989;-0.001363558457:0.9999953152:-0.002740486844;-0.4454635081:-0.00306097367:-0.8952948639;0.8952948639:0:-0.4454635081
753.2959952:0.09756896221:-580.2588576;-0.001114596713:0.9999974426:-0.001967875453;-0.492833008:-0.002261605543:-0.8701209751;0.8701209751:0:-0.492833008
742.1406029:0.05647411395:-598.6948351;-0.0008553372046:0.9999987586:-0.001323335775;-0.542830532:-0.001575696451:-0.839840777;0.839840777:0:-0.542830532
729.8800921:0.02840255864:-616.4145497;-0.0006304480907:0.9999994393:-0.0008508419355;-0.5953459933:-0.001058960242:-0.8034687466;0.8034687466:0:-0.5953459933
716.4670519:0.009576270993:-633.2758755;-0.0004633950575:0.9999997455:-0.0005424449184;-0.6495316254:-0.000713429372:-0.7603342414;0.7603342414:0:-0.6495316254
701.896613:-0.003169567163:-649.1498518;-0.0003421839816:0.9999998813:-0.000346913636;-0.7022368963:-0.0004872770753:-0.7119431888;0.7119431888:0:-0.7022368963
686.2170089:-0.01218093568:-663.9257068;-0.0002722094783:0.9999999346:-0.000238328539;-0.7523776606:-0.0003617989671:-0.6587319067;0.6587319067:0:-0.7523776606
669.5120995:-0.01880833642:-677.5349769;-0.0002003033746:0.9999999684:-0.0001518991463;-0.7967968458:-0.0002513857445:-0.6042472369;0.6042472369:0:-0.7967968458
651.9158137:-0.0229391796:-689.9731896;-0.0001094464284:0.9999999914:-7.209140892e-005;-0.8351115093:-0.0001310560641:-0.5500806758;0.5500806758:0:-0.8351115093
633.5592472:-0.02458728468:-701.2545653;-2.276216566e-005:0.9999999997:-1.304534832e-005;-0.8676119941:-2.623542069e-005:-0.4972418195;0.4972418195:0:-0.8676119941
614.5596025:-0.02425646103:-711.4189795;4.726985875e-005:0.9999999986:2.358379296e-005;-0.8948140575:5.282645963e-005:-0.4464390212;0.4464390212:0:-0.8948140575
595.027098:-0.02240586909:-720.5173281;0.0001078278936:0.9999999931:4.685088973e-005;-0.9171658286:0.0001175664089:-0.3985057454;0.3985057454:0:-0.9171658286
575.0587359:-0.01924714765:-728.6203015;0.0001629209031:0.9999999848:6.167588388e-005;-0.9352289708:0.0001742042919:-0.3540434181;0.3540434181:0:-0.9352289708
554.7425932:-0.01498344283:-735.8015176;0.0002080878507:0.999999976:6.857400145e-005;-0.9497575673:0.0002190957491:-0.3129864458;0.3129864458:0:-0.9497575673
534.1450965:-0.009907586024:-742.1344369;0.0002399335664:0.9999999689:6.871435702e-005;-0.961352368:0.0002495792041:-0.275320835;0.275320835:0:-0.961352368
513.3250942:-0.00430334075:-747.6915054;0.0002614239169:0.9999999637:6.489666728e-005;-0.9705423625:0.0002693585746:-0.2409303844;0.2409303844:0:-0.9705423625
492.3279663:0.001651578186:-752.5412337;0.0002758474848:0.9999999602:5.91521394e-005;-0.97777189:0.0002821184334:-0.2096712942;0.2096712942:0:-0.97777189
471.1936255:0.007804519087:-756.749667;0.0002828881353:0.9999999586:5.216111945e-005;-0.983422074:0.000287656878:-0.1813310276;0.1813310276:0:-0.983422074
449.9511892:0.01399538028:-760.3752351;0.0002821626932:0.9999999592:4.443995415e-005;-0.9878232826:0.0002856408496:-0.1555798213;0.1555798213:0:-0.9878232826
428.6254276:0.02006790407:-763.4729934;0.0002746993963:0.9999999616:3.665819202e-005;-0.9912129159:0.0002771345907:-0.1322757672;0.1322757672:0:-0.9912129159
407.2352088:0.02590725854:-766.0917908;0.0002624020186:0.9999999651:2.934072618e-005;-0.9938065799:0.0002640373034:-0.1111234086;0.1111234086:0:-0.9938065799
385.7965316:0.03141605126:-768.2773169;0.0002454619187:0.9999999696:2.268051619e-005;-0.9957582931:0.0002465075239:-0.09200739654;0.09200739654:0:-0.9957582931
364.3213653:0.03650163697:-770.0697916;0.0002241459173:0.9999999747:1.677614596e-005;-0.9972108189:0.0002247728438:-0.07463599807;0.07463599807:0:-0.9972108189
342.8194238:0.041075076:-771.5062864;0.0001987791988:0.9999999802:1.173459541e-005;-0.9982620551:0.0001991252636:-0.05893072013;0.05893072013:0:-0.9982620551
321.2982575:0.0450624101:-772.6199486;0.0001702606407:0.9999999855:7.611672365e-006;-0.9990021677:0.0001704306995:-0.04466139186;0.04466139186:0:-0.9990021677
299.7639471:0.04839959871:-773.4412242;0.0001387557768:0.9999999904:4.410259195e-006;-0.999495251:0.0001388258477:-0.03176828541;0.03176828541:0:-0.999495251
278.2211817:0.05102700451:-773.9975703;0.0001045610104:0.9999999945:2.097719233e-006;-0.9997988102:0.0001045820506:-0.02005811905;0.02005811905:0:-0.9997988102
256.6735183:0.05288860664:-774.3139864;6.778852754e-005:0.9999999977:6.429832598e-007;-0.9999550169:6.779157686e-005:-0.009484707217;0.009484707217:0:-0.9999550169
235.1237546:0.05393318497:-774.4133846;2.879459742e-005:0.9999999996:-2.848523662e-009;-0.9999999947:2.879459756e-005:9.892562849e-005;-9.892562849e-005:0:-0.9999999947
213.5739482:0.0541143142:-774.3166167;-1.23203967e-005:0.9999999999:1.075710119e-007;-0.9999618858:-1.23208663e-005:0.008730799383;-0.008730799383:0:-0.9999618858
192.0256864:0.05338897777:-774.0430038;-5.528790763e-005:0.9999999985:9.139088256e-007;-0.9998634061:-5.529546057e-005:0.0165277369;-0.0165277369:0:-0.9998634061
170.4800078:0.05171814078:-773.6100581;-0.0001000432585:0.999999995:2.353985344e-006;-0.9997232871:-0.0001000709489:0.02352316389;-0.02352316389:0:-0.9997232871
148.9376865:0.04906287214:-773.0342338;-0.0001465948477:0.9999999892:4.370836069e-006;-0.9995557958:-0.0001466599931:0.02980251076;-0.02980251076:0:-0.9995557958
127.3991385:0.04538404804:-772.3305143;-0.0001949270368:0.999999981:6.903838397e-006;-0.999373369:-0.000195049257:0.03539535793;-0.03539535793:0:-0.999373369
105.8646235:0.04064643913:-771.5130794;-0.00024464227:0.99999997:9.884305997e-006;-0.9991847628:-0.0002448418669:0.04037016147;-0.04037016147:0:-0.9991847628
84.33415642:0.03482240729:-770.5947923;-0.000295588113:0.9999999562:1.324261958e-005;-0.9989979032:-0.000295884605:0.04475602573;-0.04475602573:0:-0.9989979032
62.80765943:0.02788179264:-769.5879763;-0.0003481499946:0.9999999393:1.69390385e-005;-0.99881841:-0.0003485618306:0.04859693743;-0.04859693743:0:-0.99881841
41.28489612:0.01978611457:-768.5040016;-0.000402536238:0.9999999188:2.092674624e-005;-0.9986513156:-0.0004030798328:0.05191712122;-0.05191712122:0:-0.9986513156
19.76557919:0.01049976422:-767.353787;-0.0004582285894:0.9999998947:2.512825738e-005;-0.9984996843:-0.0004589170616:0.05475554699;-0.05475554699:0:-0.9984996843
-1.750663028:2.919066898e-013:-766.1472889;-0.0005148508523:0.999999867:2.946705204e-005;-0.9983660062:-0.0005156934237:0.05714063195;-0.05714063195:0:-0.9983660062
-23.26407475:-0.0115070581:-764.8915565;-0.00054093925:0.9999998532:3.22164346e-005;-0.9982310706:-0.0005418977495:0.05945112321;-0.05945112321:0:-0.9982310706
-44.7743248:-0.02290985468:-763.5827577;-0.000505041318:0.999999872:3.140621755e-005;-0.9980719473:-0.0005060168805:0.06206554512;-0.06206554512:0:-0.9980719473
-66.28090721:-0.032882587:-762.2143402;-0.0004090251849:0.999999916:2.663638368e-005;-0.9978862238:-0.0004098915695:0.06498396995;-0.06498396995:0:-0.9978862238
-87.78315711:-0.04016172065:-760.779754;-0.0002554500593:0.9999999672:1.746404356e-005;-0.9976711872:-0.0002560463349:0.06820657283;-0.06820657283:0:-0.9976711872
-109.2803607:-0.04350055871:-759.2723736;-4.385977389e-005:0.999999999:3.154884057e-006;-0.9974229498:-4.397309472e-005:0.07174578169;-0.07174578169:0:-0.9974229498
-130.771818:-0.04163168563:-757.6850684;0.0002266345304:0.9999999742:-1.718834564e-005;-0.9971363411:0.0002272853924:0.07562450456;-0.07562450456:0:-0.9971363411
-152.2567869:-0.03327570802:-756.0104538;0.00055661713:0.9999998441:-4.458962884e-005;-0.9968065393:0.0005584002726:0.07985243575;-0.07985243575:0:-0.9968065393
-173.7341098:-0.01712255189:-754.2407252;0.0009475834782:0.9999995478:-8.031291915e-005;-0.9964270372:0.0009509808689:0.08445267981;-0.08445267981:0:-0.9964270372
-195.2024333:0.008162539686:-752.3677762;0.001401321875:0.9999990102:-0.000125843715;-0.9959909:0.001406961136:0.08944354413;-0.08944354413:0:-0.9959909
-216.6606072:0.04401790001:-750.3824969;0.001923623891:0.999998133:-0.0001833434738;-0.9954867148:0.001932341508:0.09488132962;-0.09488132962:0:-0.9954867148
-238.1075477:0.0919550425:-748.2750843;0.002516227544:0.9999968018:-0.0002548890425;-0.9949053174:0.002529104481:0.1007820077;-0.1007820077:0:-0.9949053174
-259.5411102:0.1535896279:-746.0349715;0.003185644454:0.9999948668:-0.0003434830238;-0.9942322858:0.003204108484:0.1072002594;-0.1072002594:0:-0.9942322858
-280.9583307:0.2306296502:-743.6509042;0.003934902649:0.999992156:-0.0004521828879;-0.9934540596:0.003960798937:0.1141636695;-0.1141636695:0:-0.9934540596
-302.3570415:0.3250031649:-741.1097275;0.004778789433:0.9999884096:-0.0005864245321;-0.9925431125:0.004814636246:0.1217989699;-0.1217989699:0:-0.9925431125
-323.7358192:0.4388608323:-738.3963753;0.005720629421:0.9999833552:-0.0007508581162;-0.9914793542:0.005769695735:0.1301360856;-0.1301360856:0:-0.9914793542
-345.0905988:0.5745354201:-735.494724;0.006774328129:0.9999766:-0.0009528240996;-0.9902296934:0.006841008359:0.1392779768;-0.1392779768:0:-0.9902296934
-366.4140268:0.7345813692:-732.3873763;0.00794509035:0.9999677179:-0.001199455611;-0.9887635534:0.008035120063:0.1492718068;-0.1492718068:0:-0.9887635534
-387.7009495:0.9219874681:-729.0532205;0.009266282668:0.9999559331:-0.0015059117;-0.9870068644:0.009387851966:0.1604036093;-0.1604036093:0:-0.9870068644
-408.9498915:1.140397146:-725.465496;0.01074632738:0.9999404799:-0.001884962039;-0.9849039924:0.0109103911:0.1727573126;-0.1727573126:0:-0.9849039924
-430.1532268:1.393776261:-721.5958746;0.01241373739:0.9999201682:-0.002357206155;-0.982366391:0.01263555684:0.1865385123;-0.1865385123:0:-0.982366391
-451.2907775:1.686610335:-717.4139042;0.01428033152:0.9998936983:-0.002943503638;-0.9793063679:0.01458053778:0.2018574886;-0.2018574886:0:-0.9793063679
-472.3465788:2.024278632:-712.8816;0.01641818752:0.9998583955:-0.003692153993;-0.9754962615:0.01682821686:0.2193714996;-0.2193714996:0:-0.9754962615
-493.3185275:2.414205838:-707.9431035;0.01885207215:0.9998114763:-0.004648783163;-0.970732866:0.01941679194:0.2393756276;-0.2393756276:0:-0.970732866
-514.1917394:2.864613534:-702.5383504;0.02164868298:0.9997482963:-0.005888846161;-0.9646942998:0.02243532892:0.2624148697;-0.2624148697:0:-0.9646942998
-534.9049397:3.385249968:-696.6025418;0.02485273016:0.9996629558:-0.007504432932;-0.9569867023:0.0259610229:0.2889679515;-0.2889679515:0:-0.9569867023
-555.3972864:3.98794539:-690.0547311;0.02859943959:0.9995440393:-0.009684292865;-0.9467390056:0.03019459345:0.3205831278;-0.3205831278:0:-0.9467390056
-575.645761:4.691670277:-682.753064;0.03294105398:0.9993771614:-0.01265607828;-0.9328928688:0.0352886576:0.3584209899;-0.3584209899:0:-0.9328928688
-595.6012176:5.518500078:-674.5355154;0.03799027166:0.9991366627:-0.01681274981;-0.9136624871:0.04154430523:0.4043450634;-0.4043450634:0:-0.9136624871
-615.0315682:6.497296258:-665.2146426;0.04386999464:0.9987756635:-0.02286039222;-0.8857335829:0.04946891915:0.4615504806;-0.4615504806:0:-0.8857335829
-633.6409641:7.66324979:-654.562866;0.05037316999:0.9982215148:-0.03188026236;-0.8434886932:0.05961381873:0.5338286402;-0.5338286402:0:-0.8434886932
-651.0994131:9.079173555:-642.1399214;0.05655130522:0.9973634942:-0.0454753805;-0.7772364955:0.07256762608:0.6250098956;-0.6250098956:0:-0.7772364955
-666.9485201:10.81710185:-627.4489093;0.0597881224:0.9960911164:-0.06502205919;-0.6742134837:0.08833169172:0.7332350855;-0.7332350855:0:-0.6742134837
-679.7334073:12.9312916:-610.2548769;0.05380162082:0.9941348867:-0.09381477803;-0.4945670818:0.1081472467:0.8623848182;-0.8623848182:0:-0.4945670818
-687.5964427:15.45305954:-590.5458829;0.02982583197:0.9921006787:-0.1218468841;-0.2358836183:0.1254441845:0.9636507019;-0.9636507019:0:-0.2358836183
-689.958075:18.25357481:-569.334158;-0.001911504858:0.991178234:-0.1325219024;0.01429533468:0.1325356875:0.9910751409;-0.9910751409:0:0.01429533468
-687.1163204:21.10711791:-548.237121;-0.03188976207:0.991329477:-0.1274712171;0.2405886247:0.1313996503:0.9616918662;-0.9616918662:0:0.2405886247
-680.1870598:23.88836634:-528.0057895;-0.04921967536:0.992022032:-0.1160590868;0.3873172576:0.1260646186:0.9132869505;-0.9132869505:0:0.3873172576
-670.8998093:26.55540828:-508.6814186;-0.05665228215:0.9926720726:-0.1067364756;0.4653875029:0.1208393822:0.8768194317;-0.8768194317:0:0.4653875029
-660.2421372:29.09811382:-490.1909953;-0.06107303368:0.9932797201:-0.09831318469;0.5241351133:0.1157384885:0.8437339541;-0.8437339541:0:0.5241351133
-648.4428701:31.53563147:-472.3681343;-0.06366852237:0.9938297511:-0.0908226025;0.5704812644:0.1109163012:0.8137866435;-0.8137866435:0:0.5704812644
-635.7515536:33.88213988:-455.0743623;-0.06474419647:0.9942953075:-0.08476455932;0.603539059:0.1066622777:0.7901669208;-0.7901669208:0:0.603539059
-622.4827293:36.14406004:-438.2111818;-0.06475907429:0.9946715792:-0.08021665507;0.6248062789:0.1030943716:0.7739435796;-0.7739435796:0:0.6248062789
-608.8431718:38.32817579:-421.6929489;-0.06434931965:0.9950088243:-0.07626666747;0.6416483083:0.09978697062:0.7604801174;-0.7604801174:0:0.6416483083
-594.8663452:40.44257112:-405.4501521;-0.0636978159:0.9953203205:-0.07266393727;0.6561045443:0.09663053105:0.7484579931;-0.7484579931:0:0.6561045443
-580.5957828:42.49359667:-389.4224392;-0.06278385159:0.9956016295:-0.06953835911;0.6671918337:0.09368775484:0.7389706771;-0.7389706771:0:0.6671918337
-566.1235:44.48401692:-373.5645696;-0.06163777932:0.9958527864:-0.06691794905;0.6746828551:0.09097927096:0.7324792265;-0.7324792265:0:0.6746828551
-551.5255418:46.41621506:-357.8352917;-0.06034703564:0.9960868184:-0.06457000494;0.6801401592:0.08838014624:0.7277350573;-0.7277350573:0:0.6801401592
-536.8251358:48.29264937:-342.1988781;-0.0589561693:0.9963099545:-0.06237503269;0.6843745941:0.08582816904:0.7240614203;-0.7240614203:0:0.6843745941
-522.0433642:50.11529687:-326.621906;-0.05745129557:0.9965226161:-0.06034918662;0.687105693:0.08332272012:0.7217638748;-0.7217638748:0:0.687105693
-507.2194077:51.88459761:-311.075551;-0.05582475193:0.9967255735:-0.05849553935;0.6881380818:0.08085871043:0.7210602259;-0.7210602259:0:0.6881380818
-492.3922239:53.60059916:-295.5322206;-0.05408506021:0.9969223431:-0.05675075458;0.6877774865:0.07839542004:0.7216760264;-0.7216760264:0:0.6877774865
-477.5857977:55.26297512:-279.9656722;-0.05223845708:0.9971158673:-0.05505534245;0.6863201028:0.07589431553:0.7233289497;-0.7233289497:0:0.6863201028
-462.821915:56.87110158:-264.3499932;-0.05027137161:0.9973071979:-0.0533960878;0.683636177:0.07333725517:0.726128931;-0.726128931:0:0.683636177
-448.1303018:58.42330567:-248.6592331;-0.0481617251:0.9974978698:-0.05175372443;0.6795413615:0.07069653285:0.7302229373;-0.7302229373:0:0.6795413615
-433.5430224:59.9174693:-232.8672955;-0.0459042229:0.9976888734:-0.05009704824;0.6740187435:0.06794786179:0.7355826409;-0.7355826409:0:0.6740187435
-419.0907702:61.35074915:-216.9471935;-0.04348375514:0.9978820228:-0.04838007494;0.6670535171:0.06504973952:0.7421644943;-0.7421644943:0:0.6670535171
-404.8047602:62.71983522:-200.8711529;-0.04088423561:0.998077926:-0.04657180336;0.6584595069:0.06197139331:0.7500604137;-0.7500604137:0:0.6584595069
-390.72562:64.0199296:-184.6077061;-0.03805436467:0.998279094:-0.04461743735;0.647813227:0.05864171199:0.7595387893;-0.7595387893:0:0.647813227
-376.8994107:65.24534964:-168.1232912;-0.03499240459:0.9984847799:-0.04246970587;0.6349316163:0.05502857708:0.7706060591;-0.7706060591:0:0.6349316163
-363.3790508:66.38902211:-151.3820914;-0.03166362511:0.9986960225:-0.04004584264;0.6194204367:0.05105149036:0.7833977712;-0.7833977712:0:0.6194204367
